14 2 5
y 0.002364058463929289 0 0 0 0 
y 0 0.002372277241333392 0 0 0 
y 0 0 0.02150268015681764 0 0 
y 0 0 0 0.5914992912519936 0 
y 0 0 0 0 0.0006789877820095442 
y 0.0630899688595936 0 0 0 0 
y 0 0.0632573744383748 0 0 0 
y 0 0 2.405782011817998 0 0 
y 0 0 0 0.6608255158525099 0 
y 0 0 0 0 0.000970804974941321 
y 0.009749424644139124 0 0 0 0 
y 0 0.01402816510620466 0 0 0 
y 0 0 0.4175353195619172 0 0 
y 0 0 0 0.002572057029286677 0 
y 0 0 0 0 0.000830960406858539 
y 0.04903502082580981 0 0 0 0 
y 0 0.05275117065169109 0 0 0 
y 0 0 1.741782506612048 0 0 
y 0 0 0 0.06434820998022955 0 
y 0 0 0 0 0.002048889138707575 
y 0.0628355796210643 0 0 0 0 
y 0 0.0668095808574146 0 0 0 
y 0 0 0.03469588427022748 0 0 
y 0 0 0 1.286254568236715e-05 0 
y 0 0 0 0 0.0004570819384874287 
y 0.008755360164264942 0 0 0 0 
y 0 0.01011463986889275 0 0 0 
y 0 0 0.5111134547130743 0 0 
y 0 0 0 0.000552868750229518 0 
y 0 0 0 0 0.001084935039774632 
y 0.1673434548747114 0 0 0 0 
y 0 0.1823385384341215 0 0 0 
y 0 0 0.0380436954824134 0 0 
y 0 0 0 0.0001551927255504157 0 
y 0 0 0 0 0.0005769015727730886 
y 0.04576640893517867 0 0 0 0 
y 0 0.05760307686875669 0 0 0 
y 0 0 1.470009473702189 0 0 
y 0 0 0 0.001143518389628146 0 
y 0 0 0 0 0.001119685252152068 
y 0.06242207061998492 0 0 0 0 
y 0 0.06720051582937117 0 0 0 
y 0 0 3.249449108356952 0 0 
y 0 0 0 3.387864116811891 0 
y 0 0 0 0 0.003129715625497765 
y 0.1309101137700538 0 0 0 0 
y 0 0.1308065555557174 0 0 0 
y 0 0 1.422994121315108 0 0 
y 0 0 0 0.1791447627071108 0 
y 0 0 0 0 0.005430456910834149 
y 0.02946614033689838 0 0 0 0 
y 0 0.03299601069802795 0 0 0 
y 0 0 0.007190596963970181 0 0 
y 0 0 0 0.0009079367070854532 0 
y 0 0 0 0 6.208176366178109e-05 
y 0.10430202454667 0 0 0 0 
y 0 0.1141875446494187 0 0 0 
y 0 0 0.9108248842444669 0 0 
y 0 0 0 0.002011240482557395 0 
y 0 0 0 0 0.0006586826445843864 
y 2.220446049250313e-16 0 0 0 0 
y 0 2.220446049250313e-16 0 0 0 
y 0 0 2.220446049250313e-16 0 0 
y 0 0 0 2.220446049250313e-16 0 
y 0 0 0 0 2.220446049250313e-16 
y 0.04905820397044729 0 0 0 0 
y 0 0.0500801303029348 0 0 0 
y 0 0 1.397131950467134 0 0 
y 0 0 0 0.1964786043213561 0 
y 0 0 0 0 0.004969841119695765 
y 0.05841951915996195 0 0 0 0 
y 0 0.05924174373504324 0 0 0 
y 0 0 1.984696003370964 0 0 
y 0 0 0 0.04656760570478459 0 
y 0 0 0 0 0.002447513310777465 
y 0.02973924765682271 0 0 0 0 
y 0 0.03752650486297999 0 0 0 
y 0 0 3.099518024791882 0 0 
y 0 0 0 0.002030989758370925 0 
y 0 0 0 0 0.0007804398272489352 
y 0.0591349081649457 0 0 0 0 
y 0 0.06857694551505371 0 0 0 
y 0 0 1.016248464612599 0 0 
y 0 0 0 0.004276095640698462 0 
y 0 0 0 0 0.00233326384517763 
y 0.1204102504001028 0 0 0 0 
y 0 0.1323435541760598 0 0 0 
y 0 0 0.006514103767975564 0 0 
y 0 0 0 0.008503684638841985 0 
y 0 0 0 0 0.002137171370710121 
y 0.04430107128148449 0 0 0 0 
y 0 0.05020265849154735 0 0 0 
y 0 0 1.809267986093277 0 0 
y 0 0 0 0.001754293161865781 0 
y 0 0 0 0 0.00535705346999969 
y 0.04430107128148449 0 0 0 0 
y 0 0.05020265849154735 0 0 0 
y 0 0 1.809267986093277 0 0 
y 0 0 0 0.001754293161865781 0 
y 0 0 0 0 0.00535705346999969 
y 0.02274518168795818 0 0 0 0 
y 0 0.02569501060604339 0 0 0 
y 0 0 0.2316331174716029 0 0 
y 0 0 0 6.54642747868842e-05 0 
y 0 0 0 0 0.0002846899023479097 
y 0.03895413784938206 0 0 0 0 
y 0 0.04326857172576767 0 0 0 
y 0 0 0.03285624651536308 0 0 
y 0 0 0 0.0003288005664387123 0 
y 0 0 0 0 7.964073943662416e-05 
y 0.03302264528570246 0 0 0 0 
y 0 0.0344406107777563 0 0 0 
y 0 0 0.08089506207335233 0 0 
y 0 0 0 0.004468881203798404 0 
y 0 0 0 0 0.0001951030012054364 
y 0.04529732131487384 0 0 0 0 
y 0 0.06002569479489409 0 0 0 
y 0 0 1.753824383270586 0 0 
y 0 0 0 0.002078934052340467 0 
y 0 0 0 0 0.001276798782337111 
y 0.02739468997303139 0 0 0 0 
y 0 0.03018057029902957 0 0 0 
y 0 0 0.03108599709630518 0 0 
y 0 0 0 0.001531112972371911 0 
y 0 0 0 0 0.0007414605622891715 
y 0.01042364361216859 0 0 0 0 
y 0 0.01306701126230959 0 0 0 
y 0 0 0.4061827327568836 0 0 
y 0 0 0 0.003348321351229224 0 
y 0 0 0 0 0.0005799915729064935 
y 0.04614923602900738 0 0 0 0 
y 0 0.0493210248371863 0 0 0 
y 0 0 0.7622424949254082 0 0 
y 0 0 0 0.001973708404874363 0 
y 0 0 0 0 0.001507510215214135 
y 0.1342513744337692 0 0 0 0 
y 0 0.1370429717556942 0 0 0 
y 0 0 0.005584897509586571 0 0 
y 0 0 0 0.001175656276789784 0 
y 0 0 0 0 0.0001912457161869236 
y 0.03596592794597743 0 0 0 0 
y 0 0.04401299175028758 0 0 0 
y 0 0 0.644760947757116 0 0 
y 0 0 0 215.5707977358494 0 
y 0 0 0 0 0.001126370899983384 
y 0.03596592794597743 0 0 0 0 
y 0 0.04401299175028758 0 0 0 
y 0 0 0.644760947757116 0 0 
y 0 0 0 215.5707977358494 0 
y 0 0 0 0 0.001126370899983384 
y 0.03900728276644717 0 0 0 0 
y 0 0.03905816369800189 0 0 0 
y 0 0 3.73530399151695 0 0 
y 0 0 0 0.8179114504651538 0 
y 0 0 0 0 0.0003670576512876308 
y 2.220446049250313e-16 0 0 0 0 
y 0 2.220446049250313e-16 0 0 0 
y 0 0 2.220446049250313e-16 0 0 
y 0 0 0 2.220446049250313e-16 0 
y 0 0 0 0 2.220446049250313e-16 
y 0.03223490118164453 0 0 0 0 
y 0 0.03246724097418024 0 0 0 
y 0 0 6.442721601878137 0 0 
y 0 0 0 8.324500420965169 0 
y 0 0 0 0 0.0005109560834584586 
y 0.03223490118164453 0 0 0 0 
y 0 0.03246724097418024 0 0 0 
y 0 0 6.442721601878137 0 0 
y 0 0 0 8.324500420965169 0 
y 0 0 0 0 0.0005109560834584586 
y 0.04541558900312654 0 0 0 0 
y 0 0.04561217532454933 0 0 0 
y 0 0 3.717107026483268 0 0 
y 0 0 0 0.455445843915013 0 
y 0 0 0 0 0.000331716426098217 
y 2.220446049250313e-16 0 0 0 0 
y 0 2.220446049250313e-16 0 0 0 
y 0 0 2.220446049250313e-16 0 0 
y 0 0 0 2.220446049250313e-16 0 
y 0 0 0 0 2.220446049250313e-16 
y 0.06112294056936449 0 0 0 0 
y 0 0.07784218359949234 0 0 0 
y 0 0 1.232359326602074 0 0 
y 0 0 0 2623.377996020333 0 
y 0 0 0 0 0.005593008181223142 
y 0.06112294056936449 0 0 0 0 
y 0 0.07784218359949234 0 0 0 
y 0 0 1.232359326602074 0 0 
y 0 0 0 2623.377996020333 0 
y 0 0 0 0 0.005593008181223142 
y 0.09696231933669404 0 0 0 0 
y 0 0.09701060227404043 0 0 0 
y 0 0 1.173210315265442 0 0 
y 0 0 0 0.774541841070571 0 
y 0 0 0 0 0.000363619513002857 
y 0.04253760469922499 0 0 0 0 
y 0 0.04263862446995342 0 0 0 
y 0 0 3.603363154493209 0 0 
y 0 0 0 0.01823549067477239 0 
y 0 0 0 0 0.0001407979383621105 
y 0.05948643657315698 0 0 0 0 
y 0 0.06167074711180243 0 0 0 
y 0 0 1.400317932179908 0 0 
y 0 0 0 157.2682560130096 0 
y 0 0 0 0 0.003784518735260037 
y 0.05948643657315698 0 0 0 0 
y 0 0.06167074711180243 0 0 0 
y 0 0 1.400317932179908 0 0 
y 0 0 0 157.2682560130096 0 
y 0 0 0 0 0.003784518735260037 
y 0.06561775424493757 0 0 0 0 
y 0 0.06564376909292166 0 0 0 
y 0 0 3.063834465152386 0 0 
y 0 0 0 0.4121933633483305 0 
y 0 0 0 0 0.0003438932169774145 
y 0.08496495259607754 0 0 0 0 
y 0 0.08608400534648349 0 0 0 
y 0 0 2.122256762923274 0 0 
y 0 0 0 36.99214374881476 0 
y 0 0 0 0 0.00333927273067562 
y 0.07512576977968978 0 0 0 0 
y 0 0.07493088777657043 0 0 0 
y 0 0 1.961466057962834 0 0 
y 0 0 0 0.8855922681358892 0 
y 0 0 0 0 0.001940830936908577 
y 2.220446049250313e-16 0 0 0 0 
y 0 2.220446049250313e-16 0 0 0 
y 0 0 2.220446049250313e-16 0 0 
y 0 0 0 2.220446049250313e-16 0 
y 0 0 0 0 2.220446049250313e-16 
y 0.08382622682468037 0 0 0 0 
y 0 0.08523600482081961 0 0 0 
y 0 0 2.784677535633822 0 0 
y 0 0 0 0.6445247643979308 0 
y 0 0 0 0 0.003283722139391649 
y 2.220446049250313e-16 0 0 0 0 
y 0 2.220446049250313e-16 0 0 0 
y 0 0 2.220446049250313e-16 0 0 
y 0 0 0 2.220446049250313e-16 0 
y 0 0 0 0 2.220446049250313e-16 
y 0.04458978088659188 0 0 0 0 
y 0 0.04469432280247319 0 0 0 
y 0 0 2.736304598791246 0 0 
y 0 0 0 0.04798045092581463 0 
y 0 0 0 0 0.0004620304825229346 
y 0.04458978088659188 0 0 0 0 
y 0 0.04469432280247319 0 0 0 
y 0 0 2.736304598791246 0 0 
y 0 0 0 0.04798045092581463 0 
y 0 0 0 0 0.0004620304825229346 
y 0.004814765477446228 0 0 0 0 
y 0 0.004830417402062312 0 0 0 
y 0 0 0.008415998203529373 0 0 
y 0 0 0 0.2200987974177158 0 
y 0 0 0 0 6.373932789511858e-05 
y 0.07616394689074396 0 0 0 0 
y 0 0.07614660609677183 0 0 0 
y 0 0 1.631565105818862 0 0 
y 0 0 0 1.463011179681186 0 
y 0 0 0 0 0.0005592060591725681 
y 0.04411238729271689 0 0 0 0 
y 0 0.04423391274282833 0 0 0 
y 0 0 0.6267004303860232 0 0 
y 0 0 0 0.4767068372476431 0 
y 0 0 0 0 0.0004168936342750429 
y 2.220446049250313e-16 0 0 0 0 
y 0 2.220446049250313e-16 0 0 0 
y 0 0 2.220446049250313e-16 0 0 
y 0 0 0 2.220446049250313e-16 0 
y 0 0 0 0 2.220446049250313e-16 
y 0.00955410378933534 0 0 0 0 
y 0 0.009688151292311454 0 0 0 
y 0 0 5.947644015467279 0 0 
y 0 0 0 0.1462995646681713 0 
y 0 0 0 0 0.0005819151763113244 
y 0.01235624775019599 0 0 0 0 
y 0 0.01265008416373815 0 0 0 
y 0 0 6.521657282515658 0 0 
y 0 0 0 12.32142987227984 0 
y 0 0 0 0 0.0003044869876569796 
y 0.06314078324357847 0 0 0 0 
y 0 0.06667753069645944 0 0 0 
y 0 0 0.04382100403193923 0 0 
y 0 0 0 5183.367884802357 0 
y 0 0 0 0 0.0005185952677653964 
y 0.008148296089286532 0 0 0 0 
y 0 0.009333332352155789 0 0 0 
y 0 0 0.3784507991553536 0 0 
y 0 0 0 2513.254576870406 0 
y 0 0 0 0 0.001094227282578362 
y 0.03223490118164453 0 0 0 0 
y 0 0.03246724097418024 0 0 0 
y 0 0 0.9106733042189433 0 0 
y 0 0 0 138.204895099873 0 
y 0 0 0 0 0.0005109560834584586 
y 0.03223490118164453 0 0 0 0 
y 0 0.03246724097418024 0 0 0 
y 0 0 0.9106733042189433 0 0 
y 0 0 0 138.204895099873 0 
y 0 0 0 0 0.0005109560834584586 
y 0.01079122291641332 0 0 0 0 
y 0 0.01079872764388809 0 0 0 
y 0 0 1.450684310035185 0 0 
y 0 0 0 0.3504969543744093 0 
y 0 0 0 0 0.000104980191574897 
y 0.006072563456590048 0 0 0 0 
y 0 0.00607416094957345 0 0 0 
y 0 0 0.02046732373880639 0 0 
y 0 0 0 0.04362791317044008 0 
y 0 0 0 0 3.1765650502883e-05 
y 0.01936755965006977 0 0 0 0 
y 0 0.01958755056424944 0 0 0 
y 0 0 3.960369584515002 0 0 
y 0 0 0 2.034163390786313 0 
y 0 0 0 0 0.0001765494713537427 
y 0.04536963420377919 0 0 0 0 
y 0 0.04549246021130542 0 0 0 
y 0 0 0.1016712140398861 0 0 
y 0 0 0 16.9078410753123 0 
y 0 0 0 0 0.000168515399883762 
y 0.1049178629249882 0 0 0 0 
y 0 0.1072315525338666 0 0 0 
y 0 0 0.07203238038626766 0 0 
y 0 0 0 5114.05327635381 0 
y 0 0 0 0 0.006380737396933902 
y 0.03698237276482264 0 0 0 0 
y 0 0.04885117875705287 0 0 0 
y 0 0 0.3819656203049689 0 0 
y 0 0 0 14390.61795088371 0 
y 0 0 0 0 0.003653021543111031 
y 0.01431290422565221 0 0 0 0 
y 0 0.01432080255974685 0 0 0 
y 0 0 3.135788652161502 0 0 
y 0 0 0 5.177206561812898 0 
y 0 0 0 0 0.0001323922191329738 
y 0.06602949098699243 0 0 0 0 
y 0 0.06604859991416852 0 0 0 
y 0 0 0.03901701249702132 0 0 
y 0 0 0 20.96295621657836 0 
y 0 0 0 0 0.0003571536482497836 
y 0.02752207931679436 0 0 0 0 
y 0 0.02709794262784151 0 0 0 
y 0 0 0.462659632380435 0 0 
y 0 0 0 3164.561007608953 0 
y 0 0 0 0 0.00568433919464889 
y 0.05753607416051489 0 0 0 0 
y 0 0.05817417455824784 0 0 0 
y 0 0 0.06339460918756266 0 0 
y 0 0 0 712.584428229451 0 
y 0 0 0 0 0.002041408737664268 
y 0.03834050640272828 0 0 0 0 
y 0 0.03837783789489692 0 0 0 
y 0 0 3.051811628344091 0 0 
y 0 0 0 13.08595975439919 0 
y 0 0 0 0 0.0002151548055301161 
y 0.092897430612116 0 0 0 0 
y 0 0.09461254103002512 0 0 0 
y 0 0 0.6257938624134575 0 0 
y 0 0 0 501.4281756883308 0 
y 0 0 0 0 0.003308502269017681 
y 0.03537028379781142 0 0 0 0 
y 0 0.03537643020702887 0 0 0 
y 0 0 1.703905081848303 0 0 
y 0 0 0 11.49346892469801 0 
y 0 0 0 0 0.0001836306218155491 
y 0.05135356535426135 0 0 0 0 
y 0 0.05170946451562002 0 0 0 
y 0 0 0.2932625978943817 0 0 
y 0 0 0 88.39625959461723 0 
y 0 0 0 0 0.002194150479758974 
y 0.06064194845838502 0 0 0 0 
y 0 0.06067373325926175 0 0 0 
y 0 0 1.491527383502718 0 0 
y 0 0 0 0.1548454967906056 0 
y 0 0 0 0 0.0006608835556670121 
y 2.220446049250313e-16 0 0 0 0 
y 0 2.220446049250313e-16 0 0 0 
y 0 0 2.220446049250313e-16 0 0 
y 0 0 0 2.220446049250313e-16 0 
y 0 0 0 0 2.220446049250313e-16 
y 0.07278789881644944 0 0 0 0 
y 0 0.07322179242974067 0 0 0 
y 0 0 0.08774446107441455 0 0 
y 0 0 0 0.9255372278303509 0 
y 0 0 0 0 4.261370034764017e-05 
y 0.0101519806393062 0 0 0 0 
y 0 0.01079398241040891 0 0 0 
y 0 0 4.479038259113208 0 0 
y 0 0 0 0.556139510851863 0 
y 0 0 0 0 0.0001297946974791358 
y 0.05378702866793286 0 0 0 0 
y 0 0.05404812415572626 0 0 0 
y 0 0 3.364880982055059 0 0 
y 0 0 0 23.23253805375216 0 
y 0 0 0 0 0.0004683009204406532 
y 2.220446049250313e-16 0 0 0 0 
y 0 2.220446049250313e-16 0 0 0 
y 0 0 2.220446049250313e-16 0 0 
y 0 0 0 2.220446049250313e-16 0 
y 0 0 0 0 2.220446049250313e-16 
y 0.03236246637511998 0 0 0 0 
y 0 0.03240019633074474 0 0 0 
y 0 0 0.08245716150852309 0 0 
y 0 0 0 14.85200765477858 0 
y 0 0 0 0 3.570497704866135e-05 
y 0.04034610579169817 0 0 0 0 
y 0 0.04047422961456557 0 0 0 
y 0 0 0.02208240805795236 0 0 
y 0 0 0 19.39963411058142 0 
y 0 0 0 0 0.0006053195606570511 
y 0.06513351820085539 0 0 0 0 
y 0 0.06871589526122583 0 0 0 
y 0 0 4.327377866224838 0 0 
y 0 0 0 6.223809527506666 0 
y 0 0 0 0 0.0007032124228538665 
y 2.220446049250313e-16 0 0 0 0 
y 0 2.220446049250313e-16 0 0 0 
y 0 0 2.220446049250313e-16 0 0 
y 0 0 0 2.220446049250313e-16 0 
y 0 0 0 0 2.220446049250313e-16 
y 0.1628164185011717 0 0 0 0 
y 0 0.1743175511136575 0 0 0 
y 0 0 3.50613180604093 0 0 
y 0 0 0 206.5640206795514 0 
y 0 0 0 0 0.001368734634455014 
y 0.02366703750760518 0 0 0 0 
y 0 0.03265183075503338 0 0 0 
y 0 0 1.117744680641418 0 0 
y 0 0 0 380.7506313231098 0 
y 0 0 0 0 0.0007311293387463498 
y 0.04442540914750131 0 0 0 0 
y 0 0.04445067285572217 0 0 0 
y 0 0 4.27471944644253 0 0 
y 0 0 0 6.194514997089402 0 
y 0 0 0 0 0.0006454083955603273 
y 0.01309084439755856 0 0 0 0 
y 0 0.01323213948098443 0 0 0 
y 0 0 2.317483220208053 0 0 
y 0 0 0 0.7847509100696135 0 
y 0 0 0 0 7.799846102544903e-05 
y 0.009268865473229118 0 0 0 0 
y 0 0.00941660099873883 0 0 0 
y 0 0 2.066039028677137 0 0 
y 0 0 0 0.01486941515808134 0 
y 0 0 0 0 9.184329487456631e-05 
y 0.05501464187545611 0 0 0 0 
y 0 0.05524730965409067 0 0 0 
y 0 0 5.473798572164994 0 0 
y 0 0 0 0.4744380990483801 0 
y 0 0 0 0 0.0002746863443653219 
y 0.07381425739670815 0 0 0 0 
y 0 0.07403013237809598 0 0 0 
y 0 0 1.986628614217719 0 0 
y 0 0 0 0.08935627682863879 0 
y 0 0 0 0 6.858170549754944e-05 
y 0.08189851705087225 0 0 0 0 
y 0 0.08213890826283046 0 0 0 
y 0 0 3.422202687418334 0 0 
y 0 0 0 0.01914248366642498 0 
y 0 0 0 0 6.477652501458181e-05 
y 0.05015015436546449 0 0 0 0 
y 0 0.0522193848515066 0 0 0 
y 0 0 1.596018504426434 0 0 
y 0 0 0 316.3304419213718 0 
y 0 0 0 0 0.006267517812696006 
y 0.06945078299456377 0 0 0 0 
y 0 0.09835436550446749 0 0 0 
y 0 0 1.359019596676343 0 0 
y 0 0 0 1758.938493717713 0 
y 0 0 0 0 0.002573431221484416 
y 0.1609556345293036 0 0 0 0 
y 0 0.1614611561668014 0 0 0 
y 0 0 2.034896742391511 0 0 
y 0 0 0 1.351553516308258 0 
y 0 0 0 0 0.000208412432856905 
y 2.220446049250313e-16 0 0 0 0 
y 0 2.220446049250313e-16 0 0 0 
y 0 0 2.220446049250313e-16 0 0 
y 0 0 0 2.220446049250313e-16 0 
y 0 0 0 0 2.220446049250313e-16 
y 0.1447989506235294 0 0 0 0 
y 0 0.1457509991584715 0 0 0 
y 0 0 1.321387615452528 0 0 
y 0 0 0 1.72124150961978 0 
y 0 0 0 0 0.0002578975261020737 
y 0.1153193483180829 0 0 0 0 
y 0 0.119531121663537 0 0 0 
y 0 0 2.191943820822209 0 0 
y 0 0 0 47.36177608390157 0 
y 0 0 0 0 0.001223792122124008 
y 0.1595623265972622 0 0 0 0 
y 0 0.1605317608038067 0 0 0 
y 0 0 2.944584549545337 0 0 
y 0 0 0 26.64504594293451 0 
y 0 0 0 0 0.001201083487332322 
y 0.1595623265972622 0 0 0 0 
y 0 0.1605317608038067 0 0 0 
y 0 0 2.944584549545337 0 0 
y 0 0 0 26.64504594293451 0 
y 0 0 0 0 0.001201083487332322 
y 0.03895350654924376 0 0 0 0 
y 0 0.0386030369465176 0 0 0 
y 0 0 1.34915740891084 0 0 
y 0 0 0 5.646063644279157 0 
y 0 0 0 0 0.002160593998229026 
y 0.1631697835041166 0 0 0 0 
y 0 0.1638072953919454 0 0 0 
y 0 0 2.586151807137976 0 0 
y 0 0 0 1.085770106626017 0 
y 0 0 0 0 0.0004057636896478378 
y 0.06612611617106681 0 0 0 0 
y 0 0.06701939241961861 0 0 0 
y 0 0 4.538788259075829 0 0 
y 0 0 0 0.03127938085242887 0 
y 0 0 0 0 6.630811056703777e-05 
y 2.220446049250313e-16 0 0 0 0 
y 0 2.220446049250313e-16 0 0 0 
y 0 0 2.220446049250313e-16 0 0 
y 0 0 0 2.220446049250313e-16 0 
y 0 0 0 0 2.220446049250313e-16 
y 0.07367936413750723 0 0 0 0 
y 0 0.07366436713426255 0 0 0 
y 0 0 4.8733308363811 0 0 
y 0 0 0 0.09569771383545121 0 
y 0 0 0 0 0.0001750563425387537 
y 0.07367936413750723 0 0 0 0 
y 0 0.07366436713426255 0 0 0 
y 0 0 4.8733308363811 0 0 
y 0 0 0 0.09569771383545121 0 
y 0 0 0 0 0.0001750563425387537 
y 0.06069675899459556 0 0 0 0 
y 0 0.06075857604908209 0 0 0 
y 0 0 4.055684946776148 0 0 
y 0 0 0 7.195489418058204 0 
y 0 0 0 0 0.0006586009795806531 
y 0.06069675899459556 0 0 0 0 
y 0 0.06075857604908209 0 0 0 
y 0 0 4.055684946776148 0 0 
y 0 0 0 7.195489418058204 0 
y 0 0 0 0 0.0006586009795806531 
y 0.007424464174354839 0 0 0 0 
y 0 0.007429340346291912 0 0 0 
y 0 0 0.1786343279363916 0 0 
y 0 0 0 0.5528838300169018 0 
y 0 0 0 0 0.0001374839266059528 
y 0.0659407084224744 0 0 0 0 
y 0 0.06606196043098299 0 0 0 
y 0 0 1.858596569279404 0 0 
y 0 0 0 2.973908121342388 0 
y 0 0 0 0 0.0002944550495536678 
y 0.102722191723867 0 0 0 0 
y 0 0.1030574892316428 0 0 0 
y 0 0 5.516568161937078 0 0 
y 0 0 0 0.9325865657977849 0 
y 0 0 0 0 0.000407528739174034 
y 0.009010284347434092 0 0 0 0 
y 0 0.01028966487144668 0 0 0 
y 0 0 4.253876480522689 0 0 
y 0 0 0 0.9638061542930886 0 
y 0 0 0 0 0.0006300594809367179 
y 0.1326490363507496 0 0 0 0 
y 0 0.136755254753402 0 0 0 
y 0 0 1.186400970355548 0 0 
y 0 0 0 1.172100993494076 0 
y 0 0 0 0 0.007605097418817704 
y 0.07621870177932596 0 0 0 0 
y 0 0.08142450094681153 0 0 0 
y 0 0 4.298698802517777 0 0 
y 0 0 0 0.1102274877693083 0 
y 0 0 0 0 0.003749076879303152 
y 0.1121549595731927 0 0 0 0 
y 0 0.1304122072999314 0 0 0 
y 0 0 0.1249753690870841 0 0 
y 0 0 0 0.002233596654012273 0 
y 0 0 0 0 0.00414791291747974 
y 0.04751586921734098 0 0 0 0 
y 0 0.06081960237447856 0 0 0 
y 0 0 0.8993025758597113 0 0 
y 0 0 0 0.004785563541416472 0 
y 0 0 0 0 0.004732381613354548 
y 0.08501248357557743 0 0 0 0 
y 0 0.1027201176816767 0 0 0 
y 0 0 1.769393371344241 0 0 
y 0 0 0 0.005216438368449859 0 
y 0 0 0 0 0.005859931946861899 
y 2.220446049250313e-16 0 0 0 0 
y 0 2.220446049250313e-16 0 0 0 
y 0 0 2.220446049250313e-16 0 0 
y 0 0 0 2.220446049250313e-16 0 
y 0 0 0 0 2.220446049250313e-16 
y 0.08414382149913903 0 0 0 0 
y 0 0.1122430827959421 0 0 0 
y 0 0 2.032705118742356 0 0 
y 0 0 0 3267.500503128592 0 
y 0 0 0 0 0.005022207873836376 
y 0.08414382149913903 0 0 0 0 
y 0 0.1122430827959421 0 0 0 
y 0 0 2.032705118742356 0 0 
y 0 0 0 3267.500503128592 0 
y 0 0 0 0 0.005022207873836376 
n 
n 
n 
n 
n 
n 
n 
n 
n 
n 
y 0.131194587212469 0 0 0 0 
y 0 0.149811645955347 0 0 0 
y 0 0 1.25749557372297 0 0 
y 0 0 0 0.0007156644711498196 0 
y 0 0 0 0 0.006705479277365217 
y 0.09120109653200842 0 0 0 0 
y 0 0.1365567322764405 0 0 0 
y 0 0 0.1086306201850907 0 0 
y 0 0 0 0.0001559211640059551 0 
y 0 0 0 0 0.00279446502100682 
y 0.08780540328810818 0 0 0 0 
y 0 0.1051438051063506 0 0 0 
y 0 0 0.533719056043662 0 0 
y 0 0 0 0.1418943228837697 0 
y 0 0 0 0 0.005864379009056371 
y 0.05308075286137683 0 0 0 0 
y 0 0.06836552980686943 0 0 0 
y 0 0 0.001929003455687898 0 0 
y 0 0 0 0.01898744996709482 0 
y 0 0 0 0 0.002461433146860022 
y 0.09557467265879149 0 0 0 0 
y 0 0.1174694448185831 0 0 0 
y 0 0 1.333046861796949 0 0 
y 0 0 0 0.01146194028721866 0 
y 0 0 0 0 0.004952512303406302 
y 0.09670441753346552 0 0 0 0 
y 0 0.1086516374741752 0 0 0 
y 0 0 0.03017804905674436 0 0 
y 0 0 0 0.02190903011708384 0 
y 0 0 0 0 0.00341037751504473 
y 0.0870448060093848 0 0 0 0 
y 0 0.09739831452090868 0 0 0 
y 0 0 1.179781064830858 0 0 
y 0 0 0 0.004498280364907217 0 
y 0 0 0 0 0.006066313552956493 
y 0.1507424543727371 0 0 0 0 
y 0 0.1627496397577748 0 0 0 
y 0 0 0.01143044007474782 0 0 
y 0 0 0 0.02328153913206574 0 
y 0 0 0 0 0.006027754251117909 
y 0.0144332795294155 0 0 0 0 
y 0 0.03193059007875926 0 0 0 
y 0 0 0.003468297066130883 0 0 
y 0 0 0 4.10198510615904e-07 0 
y 0 0 0 0 1.923444983802602e-05 
y 0.07240788677977898 0 0 0 0 
y 0 0.09102468431178819 0 0 0 
y 0 0 1.623605568912742 0 0 
y 0 0 0 0.001615061321450907 0 
y 0 0 0 0 0.008524363231677346 
y 2.220446049250313e-16 0 0 0 0 
y 0 2.220446049250313e-16 0 0 0 
y 0 0 2.220446049250313e-16 0 0 
y 0 0 0 2.220446049250313e-16 0 
y 0 0 0 0 2.220446049250313e-16 
y 0.08501951440662001 0 0 0 0 
y 0 0.1080064522257541 0 0 0 
y 0 0 0.6348369664940767 0 0 
y 0 0 0 6.290719465688307e-05 0 
y 0 0 0 0 0.002357777494062677 
y 0.01980115264768615 0 0 0 0 
y 0 0.02133154247176522 0 0 0 
y 0 0 1.270709385460733 0 0 
y 0 0 0 0.0002842462830648074 0 
y 0 0 0 0 0.001017694678217911 
y 2.220446049250313e-16 0 0 0 0 
y 0 2.220446049250313e-16 0 0 0 
y 0 0 2.220446049250313e-16 0 0 
y 0 0 0 2.220446049250313e-16 0 
y 0 0 0 0 2.220446049250313e-16 
y 0.05937670801895337 0 0 0 0 
y 0 0.07309800568124983 0 0 0 
y 0 0 1.487270060931762 0 0 
y 0 0 0 0.002749792872316329 0 
y 0 0 0 0 0.004911851114638143 
y 2.220446049250313e-16 0 0 0 0 
y 0 2.220446049250313e-16 0 0 0 
y 0 0 2.220446049250313e-16 0 0 
y 0 0 0 2.220446049250313e-16 0 
y 0 0 0 0 2.220446049250313e-16 
y 0.07227070934989073 0 0 0 0 
y 0 0.08664203444947274 0 0 0 
y 0 0 1.892111240571261 0 0 
y 0 0 0 0.001113543028490571 0 
y 0 0 0 0 0.005243656255154672 
y 0.07227070934989073 0 0 0 0 
y 0 0.08664203444947274 0 0 0 
y 0 0 1.892111240571261 0 0 
y 0 0 0 0.001113543028490571 0 
y 0 0 0 0 0.005243656255154672 
y 0.01515431244823666 0 0 0 0 
y 0 0.01824057564357098 0 0 0 
y 0 0 0.5715658804033835 0 0 
y 0 0 0 655.836715563732 0 
y 0 0 0 0 0.0003737221078818126 
y 0.1356820266417478 0 0 0 0 
y 0 0.1469794806232281 0 0 0 
y 0 0 2.676392920107956 0 0 
y 0 0 0 65.84149262719862 0 
y 0 0 0 0 0.0004846982789039512 
y 0.03814405815132797 0 0 0 0 
y 0 0.03823110979416721 0 0 0 
y 0 0 3.259201473127005 0 0 
y 0 0 0 2.923901287733919 0 
y 0 0 0 0 0.0001547935321028712 
y 0.07638737759734794 0 0 0 0 
y 0 0.07645996729304856 0 0 0 
y 0 0 7.223451826789929 0 0 
y 0 0 0 0.5114223863444811 0 
y 0 0 0 0 0.0004067224143254041 
y 0.1409499777982503 0 0 0 0 
y 0 0.1409813251284649 0 0 0 
y 0 0 6.361547221208564 0 0 
y 0 0 0 0.04483623995428861 0 
y 0 0 0 0 0.0002612820884549636 
y 2.220446049250313e-16 0 0 0 0 
y 0 2.220446049250313e-16 0 0 0 
y 0 0 2.220446049250313e-16 0 0 
y 0 0 0 2.220446049250313e-16 0 
y 0 0 0 0 2.220446049250313e-16 
y 0.2211072763642997 0 0 0 0 
y 0 0.2212697443403955 0 0 0 
y 0 0 0.04460691578107518 0 0 
y 0 0 0 0.1562839660385873 0 
y 0 0 0 0 8.565106949217072e-05 
y 0.1145345154126606 0 0 0 0 
y 0 0.1149497919663688 0 0 0 
y 0 0 3.472020372921356 0 0 
y 0 0 0 0.3688095801958003 0 
y 0 0 0 0 0.0002017199732527213 
y 0.1237534727267803 0 0 0 0 
y 0 0.149133859234212 0 0 0 
y 0 0 1.897171826452333 0 0 
y 0 0 0 1773.523564697072 0 
y 0 0 0 0 0.005971798854796671 
y 0.1237534727267803 0 0 0 0 
y 0 0.149133859234212 0 0 0 
y 0 0 1.897171826452333 0 0 
y 0 0 0 1773.523564697072 0 
y 0 0 0 0 0.005971798854796671 
n 
n 
n 
n 
n 
n 
n 
n 
n 
n 
y 0.05754580532717806 0 0 0 0 
y 0 0.0598981906359746 0 0 0 
y 0 0 1.726669008046682 0 0 
y 0 0 0 104.1223838062048 0 
y 0 0 0 0 0.002427865854484599 
y 0.0651229766355762 0 0 0 0 
y 0 0.06932337089415157 0 0 0 
y 0 0 0.01711694688425524 0 0 
y 0 0 0 1.147265262067621 0 
y 0 0 0 0 0.0008238215789364192 
y 0.1398883992609269 0 0 0 0 
y 0 0.1398703052723966 0 0 0 
y 0 0 3.701393439611461 0 0 
y 0 0 0 12.45647511401968 0 
y 0 0 0 0 0.001000587483953184 
y 0.1398883992609269 0 0 0 0 
y 0 0.1398703052723966 0 0 0 
y 0 0 3.701393439611461 0 0 
y 0 0 0 12.45647511401968 0 
y 0 0 0 0 0.001000587483953184 
y 0.07331961149606193 0 0 0 0 
y 0 0.07319209964637133 0 0 0 
y 0 0 3.659604789326847 0 0 
y 0 0 0 7.122968766210442 0 
y 0 0 0 0 0.0007687358131769669 
y 0.07331961149606193 0 0 0 0 
y 0 0.07319209964637133 0 0 0 
y 0 0 3.659604789326847 0 0 
y 0 0 0 7.122968766210442 0 
y 0 0 0 0 0.0007687358131769669 
n 
n 
n 
n 
n 
n 
n 
n 
n 
n 
y 0.05457846056235063 0 0 0 0 
y 0 0.05466339795413123 0 0 0 
y 0 0 0.1459055486596299 0 0 
y 0 0 0 0.05849764946284837 0 
y 0 0 0 0 0.0006087580052620057 
y 2.220446049250313e-16 0 0 0 0 
y 0 2.220446049250313e-16 0 0 0 
y 0 0 2.220446049250313e-16 0 0 
y 0 0 0 2.220446049250313e-16 0 
y 0 0 0 0 2.220446049250313e-16 
y 0.01973178667613043 0 0 0 0 
y 0 0.02009283073670085 0 0 0 
y 0 0 0.001280133972583903 0 0 
y 0 0 0 1.627919893922023 0 
y 0 0 0 0 1.539441046846547e-05 
y 0.01591386964836381 0 0 0 0 
y 0 0.01660144298522187 0 0 0 
y 0 0 1.904571791910336 0 0 
y 0 0 0 1.017143917825858 0 
y 0 0 0 0 0.0002748596158647343 
y 0.07945740132227952 0 0 0 0 
y 0 0.08003800643335288 0 0 0 
y 0 0 2.397354535455568 0 0 
y 0 0 0 5.719786757509571 0 
y 0 0 0 0 0.0007648667241696081 
y 0.07945740132227952 0 0 0 0 
y 0 0.08003800643335288 0 0 0 
y 0 0 2.397354535455568 0 0 
y 0 0 0 5.719786757509571 0 
y 0 0 0 0 0.0007648667241696081 
y 0.1365791937621388 0 0 0 0 
y 0 0.138939528819285 0 0 0 
y 0 0 6.915093042962055 0 0 
y 0 0 0 4.372130832025382 0 
y 0 0 0 0 0.0004514142538184302 
y 0.1365791937621388 0 0 0 0 
y 0 0.138939528819285 0 0 0 
y 0 0 6.915093042962055 0 0 
y 0 0 0 4.372130832025382 0 
y 0 0 0 0 0.0004514142538184302 
y 0.003996798317796654 0 0 0 0 
y 0 0.004247905759513475 0 0 0 
y 0 0 0.02540074319096527 0 0 
y 0 0 0 33.54953150000547 0 
y 0 0 0 0 0.003924861453420037 
y 0.02127087166110363 0 0 0 0 
y 0 0.0217538432535059 0 0 0 
y 0 0 2.505390138249097 0 0 
y 0 0 0 25.23902206211202 0 
y 0 0 0 0 0.004835820770374344 
y 0.1065732238257476 0 0 0 0 
y 0 0.108686830763798 0 0 0 
y 0 0 0.2132539699576681 0 0 
y 0 0 0 0.01505726276332008 0 
y 0 0 0 0 0.0006289081828999579 
y 0.03730829585485853 0 0 0 0 
y 0 0.0393999942803278 0 0 0 
y 0 0 3.840163865420779 0 0 
y 0 0 0 0.284939662815037 0 
y 0 0 0 0 0.005246581937093103 
y 0.08578041564113657 0 0 0 0 
y 0 0.09189116810875404 0 0 0 
y 0 0 0.5078997795367929 0 0 
y 0 0 0 0.00356526400361958 0 
y 0 0 0 0 0.004760161594790993 
y 0.02336323846783798 0 0 0 0 
y 0 0.023556192131723 0 0 0 
y 0 0 0.01821784038890471 0 0 
y 0 0 0 0.004454479844895339 0 
y 0 0 0 0 0.001197640103890908 
y 0.01918903262505306 0 0 0 0 
y 0 0.01923456272751644 0 0 0 
y 0 0 0.0163794060882082 0 0 
y 0 0 0 0.03098947107233372 0 
y 0 0 0 0 0.002486442889159339 
y 0.1129748205548053 0 0 0 0 
y 0 0.1164048265735927 0 0 0 
y 0 0 3.555022033371024 0 0 
y 0 0 0 0.02891538681577837 0 
y 0 0 0 0 0.002921177987326645 
y 0.1026776352165925 0 0 0 0 
y 0 0.1205108309467308 0 0 0 
y 0 0 3.122659119743346 0 0 
y 0 0 0 2.195207975969781 0 
y 0 0 0 0 0.005399685223406969 
y 0.05549672115502974 0 0 0 0 
y 0 0.07435478170752388 0 0 0 
y 0 0 2.944656556284339 0 0 
y 0 0 0 77.8215918877893 0 
y 0 0 0 0 0.001760407954790791 
y 0.05823965387029902 0 0 0 0 
y 0 0.06073403017086062 0 0 0 
y 0 0 5.418775287632174 0 0 
y 0 0 0 0.08971588617236821 0 
y 0 0 0 0 0.002356426014276913 
y 0.05823965387029902 0 0 0 0 
y 0 0.06073403017086062 0 0 0 
y 0 0 5.418775287632174 0 0 
y 0 0 0 0.08971588617236821 0 
y 0 0 0 0 0.002356426014276913 
n 
n 
n 
n 
n 
n 
n 
n 
n 
n 
y 0.1035212950998256 0 0 0 0 
y 0 0.1062654495431647 0 0 0 
y 0 0 2.668477581123918 0 0 
y 0 0 0 0.1414619039162091 0 
y 0 0 0 0 0.003149727511182535 
y 0.03018587016996245 0 0 0 0 
y 0 0.03064033494650532 0 0 0 
y 0 0 0.02310251679897589 0 0 
y 0 0 0 0.0101497230532124 0 
y 0 0 0 0 0.000748028039302806 
y 0.1161003320596443 0 0 0 0 
y 0 0.1192052858521191 0 0 0 
y 0 0 2.98280452519572 0 0 
y 0 0 0 0.06726093466501883 0 
y 0 0 0 0 0.002736862795345911 
y 2.220446049250313e-16 0 0 0 0 
y 0 2.220446049250313e-16 0 0 0 
y 0 0 2.220446049250313e-16 0 0 
y 0 0 0 2.220446049250313e-16 0 
y 0 0 0 0 2.220446049250313e-16 
y 0.1365437345845124 0 0 0 0 
y 0 0.1507219483366521 0 0 0 
y 0 0 0.05854552427741563 0 0 
y 0 0 0 5.510805312752577e-05 0 
y 0 0 0 0 0.0002841700477051285 
y 0.03060760816646544 0 0 0 0 
y 0 0.03360186842616822 0 0 0 
y 0 0 1.25601013851894 0 0 
y 0 0 0 0.2077553783317198 0 
y 0 0 0 0 0.01126468338793597 
y 0.07400701608854378 0 0 0 0 
y 0 0.07713663898791202 0 0 0 
y 0 0 3.121501412173127 0 0 
y 0 0 0 0.0001106117866015739 0 
y 0 0 0 0 0.002278154679783542 
y 0.07400701608854378 0 0 0 0 
y 0 0.07713663898791202 0 0 0 
y 0 0 3.121501412173127 0 0 
y 0 0 0 0.0001106117866015739 0 
y 0 0 0 0 0.002278154679783542 
y 0.1055514682072488 0 0 0 0 
y 0 0.1073291490993376 0 0 0 
y 0 0 5.321030598670414 0 0 
y 0 0 0 0.2151131158628386 0 
y 0 0 0 0 0.003231694580477489 
y 0.1055514682072488 0 0 0 0 
y 0 0.1073291490993376 0 0 0 
y 0 0 5.321030598670414 0 0 
y 0 0 0 0.2151131158628386 0 
y 0 0 0 0 0.003231694580477489 
y 0.04319208368843431 0 0 0 0 
y 0 0.0428207752104093 0 0 0 
y 0 0 1.717147571839096 0 0 
y 0 0 0 0.4942805947061708 0 
y 0 0 0 0 0.004934746643015098 
y 2.220446049250313e-16 0 0 0 0 
y 0 2.220446049250313e-16 0 0 0 
y 0 0 2.220446049250313e-16 0 0 
y 0 0 0 2.220446049250313e-16 0 
y 0 0 0 0 2.220446049250313e-16 
y 0.1135408627588203 0 0 0 0 
y 0 0.1150681331961103 0 0 0 
y 0 0 6.099567760630765 0 0 
y 0 0 0 0.04589006756463337 0 
y 0 0 0 0 0.004003979660285143 
y 2.220446049250313e-16 0 0 0 0 
y 0 2.220446049250313e-16 0 0 0 
y 0 0 2.220446049250313e-16 0 0 
y 0 0 0 2.220446049250313e-16 0 
y 0 0 0 0 2.220446049250313e-16 
y 0.05471968706784098 0 0 0 0 
y 0 0.05572918091241733 0 0 0 
y 0 0 4.308783022310405 0 0 
y 0 0 0 49.22651814294689 0 
y 0 0 0 0 0.002291467931066385 
y 0.02754847264216529 0 0 0 0 
y 0 0.03499117471062036 0 0 0 
y 0 0 2.46048968658715 0 0 
y 0 0 0 303.5429098179483 0 
y 0 0 0 0 0.0008352461867309174 
y 0.02756952210248063 0 0 0 0 
y 0 0.02759383727951665 0 0 0 
y 0 0 3.915067684797815 0 0 
y 0 0 0 0.6448284664289468 0 
y 0 0 0 0 0.0002483762469471047 
y 0.04656532987605417 0 0 0 0 
y 0 0.04703831091548407 0 0 0 
y 0 0 5.256537467723551 0 0 
y 0 0 0 7.152644594116057 0 
y 0 0 0 0 0.00227846633386472 
y 0.06333881446426612 0 0 0 0 
y 0 0.06055494168918891 0 0 0 
y 0 0 3.420418458660263 0 0 
y 0 0 0 10.89212436088876 0 
y 0 0 0 0 0.01254777119203974 
y 0.1461141955542248 0 0 0 0 
y 0 0.1461141234355567 0 0 0 
y 0 0 6.00528690536544 0 0 
y 0 0 0 0.0118015185894863 0 
y 0 0 0 0 0.0005455237914265367 
y 0.1606486896848378 0 0 0 0 
y 0 0.1616662511130108 0 0 0 
y 0 0 5.778575560272866 0 0 
y 0 0 0 0.03225405641609882 0 
y 0 0 0 0 0.001529999865042046 
y 0.05576067593825001 0 0 0 0 
y 0 0.05629482910218018 0 0 0 
y 0 0 3.128188379733975 0 0 
y 0 0 0 0.4811448782277226 0 
y 0 0 0 0 0.00017457733021345 
y 0.08718606374806591 0 0 0 0 
y 0 0.1094106014156323 0 0 0 
y 0 0 2.326375102199602 0 0 
y 0 0 0 45.58294695785475 0 
y 0 0 0 0 0.00460350469051794 
y 0.07615291802781071 0 0 0 0 
y 0 0.09250434717671321 0 0 0 
y 0 0 1.068705258724674 0 0 
y 0 0 0 1663.523381568397 0 
y 0 0 0 0 0.00223458274074612 
y 0.002788707925878027 0 0 0 0 
y 0 0.002830425877699455 0 0 0 
y 0 0 4.594664771141652 0 0 
y 0 0 0 0.3148948519905972 0 
y 0 0 0 0 0.0002460613642679986 
y 0.1283087867884384 0 0 0 0 
y 0 0.1283482260201874 0 0 0 
y 0 0 3.451471125570799 0 0 
y 0 0 0 0.5712620936678414 0 
y 0 0 0 0 0.001316306259633798 
y 0.03809940620378015 0 0 0 0 
y 0 0.03965741786205287 0 0 0 
y 0 0 2.458921411555183 0 0 
y 0 0 0 78.24709588955835 0 
y 0 0 0 0 0.0003902968156589982 
y 0.1174535043756923 0 0 0 0 
y 0 0.1202737152808764 0 0 0 
y 0 0 3.102072075671205 0 0 
y 0 0 0 5.694263313328105 0 
y 0 0 0 0 0.003794939998303487 
y 0.185676442961123 0 0 0 0 
y 0 0.1858283603129195 0 0 0 
y 0 0 3.725504165910079 0 0 
y 0 0 0 0.4391161408886548 0 
y 0 0 0 0 0.0004950623092452585 
y 0.2340764520683163 0 0 0 0 
y 0 0.2442271524944412 0 0 0 
y 0 0 2.938847070456871 0 0 
y 0 0 0 35.19595986852915 0 
y 0 0 0 0 0.01156838835808812 
y 0.0294964423869806 0 0 0 0 
y 0 0.03115589818043645 0 0 0 
y 0 0 3.690820141754403 0 0 
y 0 0 0 3.354307426602816 0 
y 0 0 0 0 0.002620548246843052 
y 0.08731085281669601 0 0 0 0 
y 0 0.08765128744856404 0 0 0 
y 0 0 2.301911413139664 0 0 
y 0 0 0 0.7004346089871376 0 
y 0 0 0 0 0.001788152217565591 
y 0.15553434918552 0 0 0 0 
y 0 0.158203730820446 0 0 0 
y 0 0 2.721146324409944 0 0 
y 0 0 0 0.02521734847822142 0 
y 0 0 0 0 0.001576907559802196 
y 0.075033147692484 0 0 0 0 
y 0 0.07503149607322232 0 0 0 
y 0 0 0.02337962810263243 0 0 
y 0 0 0 0.007109239772415035 0 
y 0 0 0 0 4.803329014597081e-05 
y 0.09240906097093755 0 0 0 0 
y 0 0.09308068350947329 0 0 0 
y 0 0 3.864076372613598 0 0 
y 0 0 0 0.01511613403714328 0 
y 0 0 0 0 0.001252698206777492 
y 0.01374527782097273 0 0 0 0 
y 0 0.01389430159371597 0 0 0 
y 0 0 0.04739367412295435 0 0 
y 0 0 0 0.1034278153785097 0 
y 0 0 0 0 3.781350867639973e-05 
y 0.1098157807309096 0 0 0 0 
y 0 0.1106145873244631 0 0 0 
y 0 0 4.990978209584553 0 0 
y 0 0 0 2.70581576475891 0 
y 0 0 0 0 0.001267691400875703 
y 0.1098157807309096 0 0 0 0 
y 0 0.1106145873244631 0 0 0 
y 0 0 4.990978209584553 0 0 
y 0 0 0 2.70581576475891 0 
y 0 0 0 0 0.001267691400875703 
y 0.02644613050709273 0 0 0 0 
y 0 0.02668120938081181 0 0 0 
y 0 0 3.292062828685591 0 0 
y 0 0 0 2.045054172095743 0 
y 0 0 0 0 0.0005526985204754035 
y 0.08964729477857231 0 0 0 0 
y 0 0.09390025632029342 0 0 0 
y 0 0 2.210303136962164 0 0 
y 0 0 0 0.1652910418649374 0 
y 0 0 0 0 0.003150071287544882 
y 0.161777653519176 0 0 0 0 
y 0 0.162160452054028 0 0 0 
y 0 0 0.008508659959829719 0 0 
y 0 0 0 0.4548775466310823 0 
y 0 0 0 0 0.0009106512903921196 
y 0.1493503303868616 0 0 0 0 
y 0 0.1539933156212638 0 0 0 
y 0 0 2.91466692689903 0 0 
y 0 0 0 2.880979784080375 0 
y 0 0 0 0 0.003055823580004266 
y 0.0680064838800976 0 0 0 0 
y 0 0.07800787806567532 0 0 0 
y 0 0 3.61824569626852 0 0 
y 0 0 0 521.8149747019381 0 
y 0 0 0 0 0.002325514903981139 
y 0.0680064838800976 0 0 0 0 
y 0 0.07800787806567532 0 0 0 
y 0 0 3.61824569626852 0 0 
y 0 0 0 521.8149747019381 0 
y 0 0 0 0 0.002325514903981139 
y 0.0759174589918114 0 0 0 0 
y 0 0.07566454095641172 0 0 0 
y 0 0 5.440496765616855 0 0 
y 0 0 0 1.553075194828507 0 
y 0 0 0 0 0.001570247154388906 
y 2.220446049250313e-16 0 0 0 0 
y 0 2.220446049250313e-16 0 0 0 
y 0 0 2.220446049250313e-16 0 0 
y 0 0 0 2.220446049250313e-16 0 
y 0 0 0 0 2.220446049250313e-16 
y 0.058148226248848 0 0 0 0 
y 0 0.05775507576065875 0 0 0 
y 0 0 3.283802782962958 0 0 
y 0 0 0 0.4438322214864583 0 
y 0 0 0 0 0.002085204552531365 
y 0.06356173929937904 0 0 0 0 
y 0 0.06358566894157967 0 0 0 
y 0 0 0.05310239685905888 0 0 
y 0 0 0 0.00596964834917954 0 
y 0 0 0 0 0.0007309658294472732 
y 0.009721940482439028 0 0 0 0 
y 0 0.009800684349034014 0 0 0 
y 0 0 0.01129032688413796 0 0 
y 0 0 0 0.01000527764624821 0 
y 0 0 0 0 1.44200932564485e-05 
y 0.1286861676097169 0 0 0 0 
y 0 0.1290775142586225 0 0 0 
y 0 0 5.004998722306907 0 0 
y 0 0 0 1.08038927695661 0 
y 0 0 0 0 0.001258279421742949 
y 0.1257051775588527 0 0 0 0 
y 0 0.1405582985900491 0 0 0 
y 0 0 2.968906253322901 0 0 
y 0 0 0 703.5222145436521 0 
y 0 0 0 0 0.005881079603169389 
y 0.003411134655258469 0 0 0 0 
y 0 0.002995518337428982 0 0 0 
y 0 0 0.00214569881908536 0 0 
y 0 0 0 69.68407730848716 0 
y 0 0 0 0 0.0004852395404404535 
y 0.07331961149606193 0 0 0 0 
y 0 0.07319209964637133 0 0 0 
y 0 0 3.832598884206999 0 0 
y 0 0 0 0.2304092897299082 0 
y 0 0 0 0 0.0007687358131769669 
y 0.07331961149606193 0 0 0 0 
y 0 0.07319209964637133 0 0 0 
y 0 0 3.832598884206999 0 0 
y 0 0 0 0.2304092897299082 0 
y 0 0 0 0 0.0007687358131769669 
y 0.1271385198877436 0 0 0 0 
y 0 0.1304541680815853 0 0 0 
y 0 0 4.357772944518669 0 0 
y 0 0 0 18.55143691052027 0 
y 0 0 0 0 0.002736730716367887 
y 2.220446049250313e-16 0 0 0 0 
y 0 2.220446049250313e-16 0 0 0 
y 0 0 2.220446049250313e-16 0 0 
y 0 0 0 2.220446049250313e-16 0 
y 0 0 0 0 2.220446049250313e-16 
y 0.2097880583544228 0 0 0 0 
y 0 0.2129693585237661 0 0 0 
y 0 0 3.982276861282277 0 0 
y 0 0 0 10.46181407221753 0 
y 0 0 0 0 0.002372590490583137 
y 0.2097880583544228 0 0 0 0 
y 0 0.2129693585237661 0 0 0 
y 0 0 3.982276861282277 0 0 
y 0 0 0 10.46181407221753 0 
y 0 0 0 0 0.002372590490583137 
y 0.2708521142080386 0 0 0 0 
y 0 0.2785963378432237 0 0 0 
y 0 0 4.026629569680634 0 0 
y 0 0 0 1.798393027655442 0 
y 0 0 0 0 0.004097368760861049 
y 0.04916599113772269 0 0 0 0 
y 0 0.04920321992642149 0 0 0 
y 0 0 0.02936530375514135 0 0 
y 0 0 0 1.93962918853749 0 
y 0 0 0 0 0.0001151566590208562 
y 0.1606950921880888 0 0 0 0 
y 0 0.1734218738704513 0 0 0 
y 0 0 3.652079309955767 0 0 
y 0 0 0 0.9126563792456834 0 
y 0 0 0 0 0.0107619066797329 
y 0.1606950921880888 0 0 0 0 
y 0 0.1734218738704513 0 0 0 
y 0 0 3.652079309955767 0 0 
y 0 0 0 0.9126563792456834 0 
y 0 0 0 0 0.0107619066797329 
y 0.1042442412488829 0 0 0 0 
y 0 0.104059970526471 0 0 0 
y 0 0 4.156517267513769 0 0 
y 0 0 0 0.04880114732546743 0 
y 0 0 0 0 0.002043576329152154 
y 0.1042442412488829 0 0 0 0 
y 0 0.104059970526471 0 0 0 
y 0 0 4.156517267513769 0 0 
y 0 0 0 0.04880114732546743 0 
y 0 0 0 0 0.002043576329152154 
y 0.05918910711488095 0 0 0 0 
y 0 0.0590801869797333 0 0 0 
y 0 0 3.45496280716014 0 0 
y 0 0 0 8.360869041554748 0 
y 0 0 0 0 0.001326533893447265 
y 0.05918910711488095 0 0 0 0 
y 0 0.0590801869797333 0 0 0 
y 0 0 3.45496280716014 0 0 
y 0 0 0 8.360869041554748 0 
y 0 0 0 0 0.001326533893447265 
y 0.1109080161427842 0 0 0 0 
y 0 0.1117227367931115 0 0 0 
y 0 0 3.374697338376521 0 0 
y 0 0 0 0.9897986410903622 0 
y 0 0 0 0 0.001724411640603207 
y 0.1109080161427842 0 0 0 0 
y 0 0.1117227367931115 0 0 0 
y 0 0 3.374697338376521 0 0 
y 0 0 0 0.9897986410903622 0 
y 0 0 0 0 0.001724411640603207 
y 0.04616889267422363 0 0 0 0 
y 0 0.04648600344044045 0 0 0 
y 0 0 0.02145846220515638 0 0 
y 0 0 0 0.3454192298890602 0 
y 0 0 0 0 0.0006237756296035132 
y 0.1774028368085668 0 0 0 0 
y 0 0.1812315462287957 0 0 0 
y 0 0 3.307423101955656 0 0 
y 0 0 0 0.6670110491410182 0 
y 0 0 0 0 0.002193527311909093 
y 0.133973863306247 0 0 0 0 
y 0 0.1579665252561434 0 0 0 
y 0 0 0.131366395742456 0 0 
y 0 0 0 65.3491166844404 0 
y 0 0 0 0 0.0001614159134273723 
y 0.03403160708806327 0 0 0 0 
y 0 0.03794239133378091 0 0 0 
y 0 0 0.8929290646449336 0 0 
y 0 0 0 9442.682601177523 0 
y 0 0 0 0 0.005905003953906042 
y 0.08492737481550428 0 0 0 0 
y 0 0.08646486410466941 0 0 0 
y 0 0 3.491749852510915 0 0 
y 0 0 0 34.36587440389536 0 
y 0 0 0 0 0.003266269803134248 
y 2.220446049250313e-16 0 0 0 0 
y 0 2.220446049250313e-16 0 0 0 
y 0 0 2.220446049250313e-16 0 0 
y 0 0 0 2.220446049250313e-16 0 
y 0 0 0 0 2.220446049250313e-16 
y 0.05562190436626337 0 0 0 0 
y 0 0.05573255336850964 0 0 0 
y 0 0 5.589202388071776 0 0 
y 0 0 0 0.2974697828795034 0 
y 0 0 0 0 0.0001282705375412898 
y 0.06981442189829452 0 0 0 0 
y 0 0.07592495209942518 0 0 0 
y 0 0 7.472513178930474 0 0 
y 0 0 0 25.60665328686997 0 
y 0 0 0 0 0.02052168943972561 
y 0.06872432847042195 0 0 0 0 
y 0 0.06772453040271287 0 0 0 
y 0 0 2.872002078684833 0 0 
y 0 0 0 30.55258287821623 0 
y 0 0 0 0 0.007424479826585395 
y 0.06872432847042195 0 0 0 0 
y 0 0.06772453040271287 0 0 0 
y 0 0 2.872002078684833 0 0 
y 0 0 0 30.55258287821623 0 
y 0 0 0 0 0.007424479826585395 
y 0.08826942718756793 0 0 0 0 
y 0 0.1060896080146624 0 0 0 
y 0 0 0.5929323940115204 0 0 
y 0 0 0 16042.38681457563 0 
y 0 0 0 0 0.008608301049377666 
y 0.003383914583397051 0 0 0 0 
y 0 0.006307692079637918 0 0 0 
y 0 0 0.6349642265171096 0 0 
y 0 0 0 21017.32960164505 0 
y 0 0 0 0 0.001263244667990551 
n 
n 
n 
n 
n 
n 
n 
n 
n 
n 
y 0.0672510224243148 0 0 0 0 
y 0 0.07377047718229689 0 0 0 
y 0 0 1.651370582524311 0 0 
y 0 0 0 3281.519118951789 0 
y 0 0 0 0 0.008094090040564576 
y 0.0672510224243148 0 0 0 0 
y 0 0.07377047718229689 0 0 0 
y 0 0 1.651370582524311 0 0 
y 0 0 0 3281.519118951789 0 
y 0 0 0 0 0.008094090040564576 
y 0.1678853487306056 0 0 0 0 
y 0 0.1705511298567552 0 0 0 
y 0 0 3.983572418395136 0 0 
y 0 0 0 478.1210722323483 0 
y 0 0 0 0 0.001350363124421996 
y 0.1678853487306056 0 0 0 0 
y 0 0.1705511298567552 0 0 0 
y 0 0 3.983572418395136 0 0 
y 0 0 0 478.1210722323483 0 
y 0 0 0 0 0.001350363124421996 
y 0.1606950921880888 0 0 0 0 
y 0 0.1734218738704513 0 0 0 
y 0 0 3.755340339702961 0 0 
y 0 0 0 52.78246521026041 0 
y 0 0 0 0 0.0107619066797329 
y 0.1606950921880888 0 0 0 0 
y 0 0.1734218738704513 0 0 0 
y 0 0 3.755340339702961 0 0 
y 0 0 0 52.78246521026041 0 
y 0 0 0 0 0.0107619066797329 
n 
n 
n 
n 
n 
n 
n 
n 
n 
n 
n 
n 
n 
n 
n 
n 
n 
n 
n 
n 
n 
n 
n 
n 
n 
n 
n 
n 
n 
n 
y 0.0002840333397906977 0 0 0 0 
y 0 0.000434348767893291 0 0 0 
y 0 0 0.9111732965906976 0 0 
y 0 0 0 0.3057596124260053 0 
y 0 0 0 0 0.0002270931075421731 
y 0.3292913993744425 0 0 0 0 
y 0 0.3306721455041078 0 0 0 
y 0 0 2.114581797906256 0 0 
y 0 0 0 78.55873803733971 0 
y 0 0 0 0 4.166819226024574e-05 
y 0.1689792513579151 0 0 0 0 
y 0 0.1753805489310741 0 0 0 
y 0 0 3.854127428341072 0 0 
y 0 0 0 4.432229439055202 0 
y 0 0 0 0 0.0001849203584163674 
y 2.220446049250313e-16 0 0 0 0 
y 0 2.220446049250313e-16 0 0 0 
y 0 0 2.220446049250313e-16 0 0 
y 0 0 0 2.220446049250313e-16 0 
y 0 0 0 0 2.220446049250313e-16 
y 0.02646674617877978 0 0 0 0 
y 0 0.0294653638508407 0 0 0 
y 0 0 0.6914938902999604 0 0 
y 0 0 0 261.9774223593178 0 
y 0 0 0 0 0.0004928942811241697 
y 2.220446049250313e-16 0 0 0 0 
y 0 2.220446049250313e-16 0 0 0 
y 0 0 2.220446049250313e-16 0 0 
y 0 0 0 2.220446049250313e-16 0 
y 0 0 0 0 2.220446049250313e-16 
y 0.03392134676554924 0 0 0 0 
y 0 0.0340170775421558 0 0 0 
y 0 0 3.032754586287789 0 0 
y 0 0 0 2.065891036482887 0 
y 0 0 0 0 0.0004435567762769586 
y 0.06931975697975952 0 0 0 0 
y 0 0.06954098104273135 0 0 0 
y 0 0 0.1519448285933076 0 0 
y 0 0 0 1.890623214005986 0 
y 0 0 0 0 0.0003272410070588775 
y 0.005615962705516082 0 0 0 0 
y 0 0.005676956028646075 0 0 0 
y 0 0 0.7055243500264248 0 0 
y 0 0 0 0.07901064567055523 0 
y 0 0 0 0 5.93032550252963e-05 
y 0.1020595312550429 0 0 0 0 
y 0 0.1041511284364739 0 0 0 
y 0 0 1.01226485732505 0 0 
y 0 0 0 0.005771336478001538 0 
y 0 0 0 0 9.133670673414557e-05 
y 0.07367936413750723 0 0 0 0 
y 0 0.07366436713426255 0 0 0 
y 0 0 1.182882925186604 0 0 
y 0 0 0 0.4447889635326673 0 
y 0 0 0 0 0.0001750563425387537 
y 0.07367936413750723 0 0 0 0 
y 0 0.07366436713426255 0 0 0 
y 0 0 1.182882925186604 0 0 
y 0 0 0 0.4447889635326673 0 
y 0 0 0 0 0.0001750563425387537 
y 0.08488992433092661 0 0 0 0 
y 0 0.1090064035637163 0 0 0 
y 0 0 0.7429709096432665 0 0 
y 0 0 0 2785.328996906898 0 
y 0 0 0 0 0.002929287691046891 
y 0.08488992433092661 0 0 0 0 
y 0 0.1090064035637163 0 0 0 
y 0 0 0.7429709096432665 0 0 
y 0 0 0 2785.328996906898 0 
y 0 0 0 0 0.002929287691046891 
y 0.06287089465100643 0 0 0 0 
y 0 0.06320239199154096 0 0 0 
y 0 0 0.04567265316913108 0 0 
y 0 0 0 0.4751341808893552 0 
y 0 0 0 0 0.0003282802949053166 
y 2.220446049250313e-16 0 0 0 0 
y 0 2.220446049250313e-16 0 0 0 
y 0 0 2.220446049250313e-16 0 0 
y 0 0 0 2.220446049250313e-16 0 
y 0 0 0 0 2.220446049250313e-16 
y 0.0733775098878636 0 0 0 0 
y 0 0.07493424929937811 0 0 0 
y 0 0 1.293012738299059 0 0 
y 0 0 0 47.59800315298838 0 
y 0 0 0 0 0.0009448428083773568 
y 2.220446049250313e-16 0 0 0 0 
y 0 2.220446049250313e-16 0 0 0 
y 0 0 2.220446049250313e-16 0 0 
y 0 0 0 2.220446049250313e-16 0 
y 0 0 0 0 2.220446049250313e-16 
y 0.06828393502312456 0 0 0 0 
y 0 0.06876426083794854 0 0 0 
y 0 0 1.449362060268491 0 0 
y 0 0 0 15.73782925078756 0 
y 0 0 0 0 0.000884718838228772 
y 0.06828393502312456 0 0 0 0 
y 0 0.06876426083794854 0 0 0 
y 0 0 1.449362060268491 0 0 
y 0 0 0 15.73782925078756 0 
y 0 0 0 0 0.000884718838228772 
y 0.1042442412488829 0 0 0 0 
y 0 0.104059970526471 0 0 0 
y 0 0 2.59256159590926 0 0 
y 0 0 0 9.689865873566639 0 
y 0 0 0 0 0.002043576329152154 
y 0.1042442412488829 0 0 0 0 
y 0 0.104059970526471 0 0 0 
y 0 0 2.59256159590926 0 0 
y 0 0 0 9.689865873566639 0 
y 0 0 0 0 0.002043576329152154 
n 
n 
n 
n 
n 
n 
n 
n 
n 
n 
n 
n 
n 
n 
n 
n 
n 
n 
n 
n 
n 
n 
n 
n 
n 
n 
n 
n 
n 
n 
y 0.01422060446638231 0 0 0 0 
y 0 0.01438884769985179 0 0 0 
y 0 0 0.04762728843870492 0 0 
y 0 0 0 4.620496017745186 0 
y 0 0 0 0 0.001790875699256863 
y 0.01422060446638231 0 0 0 0 
y 0 0.01438884769985179 0 0 0 
y 0 0 0.04762728843870492 0 0 
y 0 0 0 4.620496017745186 0 
y 0 0 0 0 0.001790875699256863 
y 0.2796975442252772 0 0 0 0 
y 0 0.2818757311726326 0 0 0 
y 0 0 3.342923309327758 0 0 
y 0 0 0 0.111113190540471 0 
y 0 0 0 0 0.0001686586062469555 
y 0.2796975442252772 0 0 0 0 
y 0 0.2818757311726326 0 0 0 
y 0 0 3.342923309327758 0 0 
y 0 0 0 0.111113190540471 0 
y 0 0 0 0 0.0001686586062469555 
y 0.06685498483655654 0 0 0 0 
y 0 0.0822142768426998 0 0 0 
y 0 0 2.569819648384871 0 0 
y 0 0 0 23.09953742167501 0 
y 0 0 0 0 0.0007375166119346419 
y 0.002956636548386458 0 0 0 0 
y 0 0.003578484568645739 0 0 0 
y 0 0 0.01953807961324745 0 0 
y 0 0 0 42.49155007727277 0 
y 0 0 0 0 4.102108127488234e-05 
y 0.004800313780577806 0 0 0 0 
y 0 0.004827909658193036 0 0 0 
y 0 0 1.637168023650461 0 0 
y 0 0 0 0.07760566474069747 0 
y 0 0 0 0 7.354905430630705e-05 
y 0.07543570287554735 0 0 0 0 
y 0 0.07528543261609809 0 0 0 
y 0 0 3.24465685830402 0 0 
y 0 0 0 0.6990073755172476 0 
y 0 0 0 0 0.0006364379261744751 
y 0.04888905147968495 0 0 0 0 
y 0 0.04903366917947486 0 0 0 
y 0 0 3.564440934889006 0 0 
y 0 0 0 0.009975772624524362 0 
y 0 0 0 0 0.0005048556404944475 
y 0.005448163842369343 0 0 0 0 
y 0 0.005485098595509419 0 0 0 
y 0 0 0.009784810065214537 0 0 
y 0 0 0 0.0002073398292860795 0 
y 0 0 0 0 1.483457041244676e-06 
y 0.06069675899459556 0 0 0 0 
y 0 0.06075857604908209 0 0 0 
y 0 0 2.53141300699138 0 0 
y 0 0 0 0.064201125418427 0 
y 0 0 0 0 0.0006586009795806531 
y 0.06069675899459556 0 0 0 0 
y 0 0.06075857604908209 0 0 0 
y 0 0 2.53141300699138 0 0 
y 0 0 0 0.064201125418427 0 
y 0 0 0 0 0.0006586009795806531 
y 0.01901764958699576 0 0 0 0 
y 0 0.02056177560674257 0 0 0 
y 0 0 3.107422595738847 0 0 
y 0 0 0 361.3417565934254 0 
y 0 0 0 0 0.004256961795206142 
y 0.01901764958699576 0 0 0 0 
y 0 0.02056177560674257 0 0 0 
y 0 0 3.107422595738847 0 0 
y 0 0 0 361.3417565934254 0 
y 0 0 0 0 0.004256961795206142 
y 0.03366076243153621 0 0 0 0 
y 0 0.03353028981835683 0 0 0 
y 0 0 0.7638296369502282 0 0 
y 0 0 0 0.02223854357280571 0 
y 0 0 0 0 0.000408625984508824 
y 2.220446049250313e-16 0 0 0 0 
y 0 2.220446049250313e-16 0 0 0 
y 0 0 2.220446049250313e-16 0 0 
y 0 0 0 2.220446049250313e-16 0 
y 0 0 0 0 2.220446049250313e-16 
y 0.1055514682072488 0 0 0 0 
y 0 0.1073291490993376 0 0 0 
y 0 0 1.375724420725803 0 0 
y 0 0 0 29.56229233343665 0 
y 0 0 0 0 0.003231694580477489 
y 0.1055514682072488 0 0 0 0 
y 0 0.1073291490993376 0 0 0 
y 0 0 1.375724420725803 0 0 
y 0 0 0 29.56229233343665 0 
y 0 0 0 0 0.003231694580477489 
y 0.1058561296636192 0 0 0 0 
y 0 0.1065165110586705 0 0 0 
y 0 0 2.818776651517057 0 0 
y 0 0 0 0.7408188477439804 0 
y 0 0 0 0 0.0005208168204671448 
y 0.0884022613350106 0 0 0 0 
y 0 0.08842413378546536 0 0 0 
y 0 0 3.858849494279136 0 0 
y 0 0 0 3.656404503759989 0 
y 0 0 0 0 0.0002859728440836728 
y 0.05918910711488095 0 0 0 0 
y 0 0.0590801869797333 0 0 0 
y 0 0 2.306141930473642 0 0 
y 0 0 0 1.989382379001257 0 
y 0 0 0 0 0.001326533893447265 
y 0.05918910711488095 0 0 0 0 
y 0 0.0590801869797333 0 0 0 
y 0 0 2.306141930473642 0 0 
y 0 0 0 1.989382379001257 0 
y 0 0 0 0 0.001326533893447265 
n 
n 
n 
n 
n 
n 
n 
n 
n 
n 
n 
n 
n 
n 
n 
n 
n 
n 
n 
n 
n 
n 
n 
n 
n 
n 
n 
n 
n 
n 
y 0.008345390188618603 0 0 0 0 
y 0 0.007854454626179307 0 0 0 
y 0 0 0.4837049783874598 0 0 
y 0 0 0 1.080682326796471 0 
y 0 0 0 0 0.001179207038371921 
y 0.008345390188618603 0 0 0 0 
y 0 0.007854454626179307 0 0 0 
y 0 0 0.4837049783874598 0 0 
y 0 0 0 1.080682326796471 0 
y 0 0 0 0 0.001179207038371921 
y 0.1232776532766306 0 0 0 0 
y 0 0.1232890353670031 0 0 0 
y 0 0 0.3639936698628779 0 0 
y 0 0 0 0.003439510603737621 0 
y 0 0 0 0 6.92094185109493e-06 
y 0.1809071610654794 0 0 0 0 
y 0 0.1812245371345396 0 0 0 
y 0 0 5.296580814545179 0 0 
y 0 0 0 0.3448393520386575 0 
y 0 0 0 0 0.0008638829310595485 
y 0.07220657978630077 0 0 0 0 
y 0 0.08116491274949006 0 0 0 
y 0 0 0.4862586190129116 0 0 
y 0 0 0 14.6691918108389 0 
y 0 0 0 0 0.0005142992580619718 
y 0.01144103958830968 0 0 0 0 
y 0 0.0139561231172676 0 0 0 
y 0 0 0.1628860505699248 0 0 
y 0 0 0 51.54922784618842 0 
y 0 0 0 0 0.0003812707057481009 
y 0.04515383387022633 0 0 0 0 
y 0 0.04526109561516365 0 0 0 
y 0 0 6.19826234959254 0 0 
y 0 0 0 0.575743817054269 0 
y 0 0 0 0 0.0004168395323878658 
y 2.220446049250313e-16 0 0 0 0 
y 0 2.220446049250313e-16 0 0 0 
y 0 0 2.220446049250313e-16 0 0 
y 0 0 0 2.220446049250313e-16 0 
y 0 0 0 0 2.220446049250313e-16 
y 0.05465460789454446 0 0 0 0 
y 0 0.05472069841642543 0 0 0 
y 0 0 0.01236189019216912 0 0 
y 0 0 0 0.01172057298840594 0 
y 0 0 0 0 0.0001955760104945065 
y 0.07246836547751721 0 0 0 0 
y 0 0.07256447629443363 0 0 0 
y 0 0 0.01577197673596393 0 0 
y 0 0 0 24.78701681525183 0 
y 0 0 0 0 0.0007084079914899656 
y 0.06028148010541243 0 0 0 0 
y 0 0.0603007499733396 0 0 0 
y 0 0 5.251829247890155 0 0 
y 0 0 0 0.007830906036054951 0 
y 0 0 0 0 0.0001699625602539625 
y 0.05890635404587304 0 0 0 0 
y 0 0.05894990089344495 0 0 0 
y 0 0 0.9336267844013038 0 0 
y 0 0 0 0.0761942638123734 0 
y 0 0 0 0 0.0001970742319577731 
y 0.01265735676255235 0 0 0 0 
y 0 0.01426813574421009 0 0 0 
y 0 0 2.413371572021773 0 0 
y 0 0 0 227.6521729597977 0 
y 0 0 0 0 0.009033637447646157 
y 0.01040843755205774 0 0 0 0 
y 0 0.015578762293697 0 0 0 
y 0 0 0.3863445578489246 0 0 
y 0 0 0 212.8168180114725 0 
y 0 0 0 0 0.003045530141302196 
y 0.08384013829825282 0 0 0 0 
y 0 0.08444944865016429 0 0 0 
y 0 0 4.506323238550851 0 0 
y 0 0 0 0.0553375306816059 0 
y 0 0 0 0 0.0008014812700267672 
y 2.220446049250313e-16 0 0 0 0 
y 0 2.220446049250313e-16 0 0 0 
y 0 0 2.220446049250313e-16 0 0 
y 0 0 0 2.220446049250313e-16 0 
y 0 0 0 0 2.220446049250313e-16 
y 0.04194426933283552 0 0 0 0 
y 0 0.04157910826803968 0 0 0 
y 0 0 3.241283590148993 0 0 
y 0 0 0 63.5962093399929 0 
y 0 0 0 0 0.004729484946928082 
y 0.04194426933283552 0 0 0 0 
y 0 0.04157910826803968 0 0 0 
y 0 0 3.241283590148993 0 0 
y 0 0 0 63.5962093399929 0 
y 0 0 0 0 0.004729484946928082 
y 0.110870060107162 0 0 0 0 
y 0 0.1119186342369228 0 0 0 
y 0 0 4.347841540510413 0 0 
y 0 0 0 8.457951763263342 0 
y 0 0 0 0 0.001970485616994438 
y 5.466983164713246e-05 0 0 0 0 
y 0 5.32095059035224e-05 0 0 0 
y 0 0 8.809824610124632e-06 0 0 
y 0 0 0 0.165730863423438 0 
y 0 0 0 0 2.711624907164049e-06 
y 0.1109080161427842 0 0 0 0 
y 0 0.1117227367931115 0 0 0 
y 0 0 3.891440871346675 0 0 
y 0 0 0 26.15172292312998 0 
y 0 0 0 0 0.001724411640603207 
y 0.1109080161427842 0 0 0 0 
y 0 0.1117227367931115 0 0 0 
y 0 0 3.891440871346675 0 0 
y 0 0 0 26.15172292312998 0 
y 0 0 0 0 0.001724411640603207 
y 0.3242103769826136 0 0 0 0 
y 0 0.3261158825779824 0 0 0 
y 0 0 3.138177481049405 0 0 
y 0 0 0 0.002909537544523489 0 
y 0 0 0 0 9.264614326866759e-05 
y 0.3242103769826136 0 0 0 0 
y 0 0.3261158825779824 0 0 0 
y 0 0 3.138177481049405 0 0 
y 0 0 0 0.002909537544523489 0 
y 0 0 0 0 9.264614326866759e-05 
y 0.01422060446638231 0 0 0 0 
y 0 0.01438884769985179 0 0 0 
y 0 0 7.308926037925545 0 0 
y 0 0 0 0.008159400477442623 0 
y 0 0 0 0 0.001790875699256863 
y 0.01422060446638231 0 0 0 0 
y 0 0.01438884769985179 0 0 0 
y 0 0 7.308926037925545 0 0 
y 0 0 0 0.008159400477442623 0 
y 0 0 0 0 0.001790875699256863 
y 2.220446049250313e-16 0 0 0 0 
y 0 2.220446049250313e-16 0 0 0 
y 0 0 2.220446049250313e-16 0 0 
y 0 0 0 2.220446049250313e-16 0 
y 0 0 0 0 2.220446049250313e-16 
y 0.008374994626523639 0 0 0 0 
y 0 0.008111708601978606 0 0 0 
y 0 0 3.63546500358911 0 0 
y 0 0 0 0.946920493415823 0 
y 0 0 0 0 0.0006868520517720868 
n 
n 
n 
n 
n 
n 
n 
n 
n 
n 
y 0.1743760400124696 0 0 0 0 
y 0 0.1799187028401345 0 0 0 
y 0 0 7.857952549366372 0 0 
y 0 0 0 0.06215059089605351 0 
y 0 0 0 0 0.0002378220791069938 
y 2.220446049250313e-16 0 0 0 0 
y 0 2.220446049250313e-16 0 0 0 
y 0 0 2.220446049250313e-16 0 0 
y 0 0 0 2.220446049250313e-16 0 
y 0 0 0 0 2.220446049250313e-16 
y 0.01880612031458134 0 0 0 0 
y 0 0.02101132056283151 0 0 0 
y 0 0 0.8616939989843693 0 0 
y 0 0 0 112.0349260799537 0 
y 0 0 0 0 0.0006651143886275749 
y 0.05268387521602015 0 0 0 0 
y 0 0.05243537399622394 0 0 0 
y 0 0 0.3050721326440474 0 0 
y 0 0 0 61.31649854815475 0 
y 0 0 0 0 0.001388787827749806 
y 0.006337588930926631 0 0 0 0 
y 0 0.006586747682239971 0 0 0 
y 0 0 0.8171905216852572 0 0 
y 0 0 0 0.3368082158713459 0 
y 0 0 0 0 0.0003199411401584605 
y 0.01006935536752445 0 0 0 0 
y 0 0.01023499010151791 0 0 0 
y 0 0 1.651725042716047 0 0 
y 0 0 0 1.546543045047746 0 
y 0 0 0 0 0.0005640557726283643 
y 0.04219298685619399 0 0 0 0 
y 0 0.04485430658232419 0 0 0 
y 0 0 1.168396835193765 0 0 
y 0 0 0 0.06389889923996396 0 
y 0 0 0 0 0.0008140204046831554 
y 0.04879055995736458 0 0 0 0 
y 0 0.05071060444355281 0 0 0 
y 0 0 0.0032029463030231 0 0 
y 0 0 0 0.01208141537989321 0 
y 0 0 0 0 0.0001290355354608156 
y 0.1728572189841969 0 0 0 0 
y 0 0.1771525570239002 0 0 0 
y 0 0 1.531287200082492 0 0 
y 0 0 0 0.1582552701845087 0 
y 0 0 0 0 0.0004446988902015487 
y 2.220446049250313e-16 0 0 0 0 
y 0 2.220446049250313e-16 0 0 0 
y 0 0 2.220446049250313e-16 0 0 
y 0 0 0 2.220446049250313e-16 0 
y 0 0 0 0 2.220446049250313e-16 
y 0.03026014914106188 0 0 0 0 
y 0 0.03308465282997537 0 0 0 
y 0 0 0.05116414427810127 0 0 
y 0 0 0 408.2877374795239 0 
y 0 0 0 0 0.005421054168671044 
y 0.0937630747109461 0 0 0 0 
y 0 0.1106485866591278 0 0 0 
y 0 0 0.4234161406170002 0 0 
y 0 0 0 914.0163937876814 0 
y 0 0 0 0 0.002851694908286846 
y 0.1365791937621388 0 0 0 0 
y 0 0.138939528819285 0 0 0 
y 0 0 0.09637725745872104 0 0 
y 0 0 0 0.3130799585465429 0 
y 0 0 0 0 0.0004514142538184302 
y 0.1365791937621388 0 0 0 0 
y 0 0.138939528819285 0 0 0 
y 0 0 0.09637725745872104 0 0 
y 0 0 0 0.3130799585465429 0 
y 0 0 0 0 0.0004514142538184302 
y 0.04490280236131296 0 0 0 0 
y 0 0.04537730230434755 0 0 0 
y 0 0 1.560781564511319 0 0 
y 0 0 0 97.11424646313795 0 
y 0 0 0 0 0.004891773548856831 
y 0.01856915231554404 0 0 0 0 
y 0 0.01871261168389176 0 0 0 
y 0 0 0.05045930096633238 0 0 
y 0 0 0 18.81583592835693 0 
y 0 0 0 0 0.0007288819448853581 
y 0.2359348993929256 0 0 0 0 
y 0 0.2427323743775916 0 0 0 
y 0 0 2.664877367407787 0 0 
y 0 0 0 1.913847369248309 0 
y 0 0 0 0 0.0008157947951065922 
y 0.1550236064151308 0 0 0 0 
y 0 0.1553406857265276 0 0 0 
y 0 0 1.095078004054904 0 0 
y 0 0 0 19.8331686960068 0 
y 0 0 0 0 0.0005472168607866904 
y 0.1384019694815183 0 0 0 0 
y 0 0.1398919549554634 0 0 0 
y 0 0 0.9982259113238877 0 0 
y 0 0 0 1.898972073233368 0 
y 0 0 0 0 0.001649633552659592 
y 0.0004394193786448739 0 0 0 0 
y 0 0.0004853237898556088 0 0 0 
y 0 0 0.000927363262791969 0 0 
y 0 0 0 0.02332618374137304 0 
y 0 0 0 0 2.434065694874267e-05 
y 0.1658781689207747 0 0 0 0 
y 0 0.1685772764113118 0 0 0 
y 0 0 0.0004443156494309818 0 0 
y 0 0 0 0.0009841766253729073 0 
y 0 0 0 0 0.0002033501545707505 
y 0.1703476803699607 0 0 0 0 
y 0 0.1784498999791111 0 0 0 
y 0 0 0.2973700367447736 0 0 
y 0 0 0 0.003525978868317394 0 
y 0 0 0 0 0.0002171383921739893 
y 0.2796975442252772 0 0 0 0 
y 0 0.2818757311726326 0 0 0 
y 0 0 2.811452911183588 0 0 
y 0 0 0 0.01792814883620525 0 
y 0 0 0 0 0.0001686586062469555 
y 0.2796975442252772 0 0 0 0 
y 0 0.2818757311726326 0 0 0 
y 0 0 2.811452911183588 0 0 
y 0 0 0 0.01792814883620525 0 
y 0 0 0 0 0.0001686586062469555 
y 0.2337134104177319 0 0 0 0 
y 0 0.2347232423362227 0 0 0 
y 0 0 0.6178714744192552 0 0 
y 0 0 0 0.3434983927061728 0 
y 0 0 0 0 0.0002176602308526222 
y 0.1300238787946928 0 0 0 0 
y 0 0.1300885414113477 0 0 0 
y 0 0 1.953063055180568 0 0 
y 0 0 0 1.044157709707646 0 
y 0 0 0 0 0.0002491392794259968 
y 0.3616472057041452 0 0 0 0 
y 0 0.3743294551019611 0 0 0 
y 0 0 0.2210175337464503 0 0 
y 0 0 0 0.2062860702103624 0 
y 0 0 0 0 0.0003208861094037712 
y 0.003870929087629623 0 0 0 0 
y 0 0.003901252388513102 0 0 0 
y 0 0 0.0811961411293301 0 0 
y 0 0 0 0.8156713441507706 0 
y 0 0 0 0 0.0002400831092061284 
y 0.0001429114370417124 0 0 0 0 
y 0 0.0001435816932059261 0 0 0 
y 0 0 1.197620501690194e-05 0 0 
y 0 0 0 0.1052853988949452 0 
y 0 0 0 0 0.000102913226835106 
y 0.0855349955424323 0 0 0 0 
y 0 0.08575790988646598 0 0 0 
y 0 0 3.32695752647228 0 0 
y 0 0 0 0.2097716113227037 0 
y 0 0 0 0 0.0005338085834964396 
