14 2 5
y 0.4829002923695952 0.4821657508092754 0.2827362485815481 1.580271129284366 0.004655462634726777 
y 0.6383639111429983 0.6374678114364326 3.392554392389952 0.9579811384100091 -0.002248606402491324 
y 0.3994670125688318 0.3323607128421538 4.767142490017074 0.08460866896556046 -0.2097630791705648 
y 0.7082635101415747 0.6746469029074709 4.854780274819372 0.1631071030507112 -0.2018011847050898 
y 0.9497173948706503 0.9224420575044869 5.866557542513429 0.009177507200233121 -0.2159460271903764 
y 0.5056672335065935 0.4583426064463736 5.150471499647173 0.01577959706627776 -0.2077912220585532 
y 0.7362607588545785 0.7044091394191763 5.864123439317409 0.03517915209401987 -0.1741140244415671 
y 0.483734340601774 0.4316352113263368 4.009347260924861 0.04362833660404128 -0.1863695447594159 
y 0.4833135158720719 0.4597103365338554 2.916328944872988 2.839606559616395 0.1197923216225466 
y 0.7756074795252998 0.7720369418573946 3.524971083944336 0.8142253763568154 0.01410750993656236 
y 0.6760136381091026 0.640601925661993 0.1503122097725437 0.08375023186016382 -0.207440811590337 
y 0.7188107905734729 0.6793861827872817 4.455036069042159 0.05938138601722988 -0.2111378074509324 
y 0.6797409653663635 0.6720445156097412 0.02396869286894798 0.8337189555168152 -0.1019999980926514 
y 0.5588900055322382 0.5388124603364203 3.865496922232625 0.548669994291332 -0.1266783476496736 
y 0.9960687460752103 0.9764080334023657 3.407102123898396 0.2029059308146833 -0.1884424503734228 
y 0.5554898923366359 0.5048847917343633 4.107200855325361 0.07624157545377235 -0.2123503505572319 
y 0.674718322589813 0.6382802694190404 4.050301017791362 0.08224665103905665 -0.189915278784691 
y 0.8843490651170259 0.8578698270517254 0.07833401222255323 0.1113832544457624 -0.1790589276407121 
y 0.6097150687128305 0.5668078240317602 4.24444314771487 0.01719125317079791 -0.1980472737923265 
y 0.6097150687128305 0.5668078240317602 4.24444314771487 0.01719125317079791 -0.1980472737923265 
y 0.6366327405257169 0.6062291634677173 5.314966238855074 0.02117516605592554 -0.1858841677833194 
y 0.5456022033185657 0.5214119362384785 3.510329725779379 0.04160270170212275 -0.1463464074323145 
y 0.7767546173301493 0.767491992517546 5.461523571245608 0.1828553599673096 -0.112653020982547 
y 0.4800982223238548 0.433760835264116 3.998688941115693 0.08025444374563435 -0.1622980776224763 
y 0.7607380145470143 0.731336334859668 3.720667444061781 0.07988995051574319 -0.2008535430840261 
y 0.4569008841179983 0.40631559274407 4.304148608683216 0.09015974975620539 -0.2011037025292817 
y 0.6126035594783901 0.5981262981215389 5.345918771557583 0.05625219473200559 -0.1133523380003188 
y 0.8121193720236 0.8060651071781696 0.09833445174489215 0.08270072613214674 -0.08254730938496269 
y 0.471491662268879 0.4121966019484112 1.711990570696462 16.21301660091937 0.2079060222922253 
y 0.471491662268879 0.4121966019484112 1.711990570696462 16.21301660091937 0.2079060222922253 
y 0.5586786760042791 0.5583045115209605 2.690184432502887 1.202099718255539 -6.849314915399029e-05 
y 0.317676842212677 0.3176374733448029 2.386977672576904 30 0.004999999888241291 
y 0.366075421159084 0.3650555856640522 3.770598887573354 0.4822305504003396 -0.001528287158849148 
y 0.366075421159084 0.3650555856640522 3.770598887573354 0.4822305504003396 -0.001528287158849148 
y 0.4857296928459284 0.4843149394253078 2.775024912331956 0.6015482275005506 0.02905284063130313 
y 0.5923929810523987 0.5912265777587891 0.3852452337741852 30 0.03715645149350166 
y 0.6799428197081218 0.5920516204334305 1.882194397491431 29.65098141480103 0.299140213871609 
y 0.6799428197081218 0.5920516204334305 1.882194397491431 29.65098141480103 0.299140213871609 
y 0.74514319360187 0.7448395918606148 3.575462026916437 1.437413534077478 0.006360730187881274 
y 0.4071760104992608 0.4067690351607106 3.393051451618419 0.3121647395817264 -0.009457069190655686 
y 0.5156650608050004 0.5031317925180188 2.781126380933605 7.731566888230447 0.08246230236556779 
y 0.5156650608050004 0.5031317925180188 2.781126380933605 7.731566888230447 0.08246230236556779 
y 0.6071200566393294 0.6068051158413452 2.991271143954845 1.090547178336737 -0.003522273036195643 
y 0.8757101266493774 0.8718890076495478 2.497639308315209 5.704594457048633 0.04711101570849256 
y 0.6266362422758395 0.6248577380771035 2.921691337751376 1.193608741418601 0.02190525268900904 
y 0.3168447315692902 0.316044807434082 3.776527166366577 15.19248294830322 0.02250000089406967 
y 0.5035474829979846 0.4988559671753162 2.913827625480858 0.2661239938004999 0.003049332388940998 
y 0.8269948363304138 0.8269784450531006 0.2338443398475647 0.1302085816860199 -0.005207439884543419 
y 0.454652399970935 0.4526976369894468 4.636272377119615 0.3230676779953333 0.03474311258357305 
y 0.454652399970935 0.4526976369894468 4.636272377119615 0.3230676779953333 0.03474311258357305 
y 0.7937854147711501 0.790405081435841 5.853165725383348 1.666978118903046 0.07263401185998201 
y 0.5236770300291235 0.5192292955200993 2.717726525038009 1.407287284958789 0.06400538082337549 
y 0.4629464918697203 0.46190216029818 3.406274507980089 1.182912697864545 0.02067435900303158 
y 0.7724894285202026 0.770046591758728 2.929666519165039 30 0.06138519942760468 
y 0.4375600512938692 0.4258657496795848 2.707464916094865 0.6476071432285804 0.09685659570327679 
y 0.8194629906044664 0.8123691420522788 2.089067278643181 2.033904866610749 0.1047742321702368 
y 0.9209749561079622 0.8937564165339947 2.748260334462012 123.2619775621688 0.212929535628956 
y 0.5010393374842244 0.4531670894689789 2.034349591232048 97.07450253221131 0.2083284504898626 
y 0.366075421159084 0.3650555856640522 2.697624161610237 8.668008163342108 0.001528287158849148 
y 0.366075421159084 0.3650555856640522 2.697624161610237 8.668008163342108 0.001528287158849148 
y 0.4948446979861266 0.4947309617858177 2.539666646281284 1.156443044829775 0.00024771319226898 
y 0.5186411768277537 0.5186088315055295 6.047168802345761 0.9392329847960991 -0.0004300730372954766 
y 0.3108080993160279 0.3089297605137462 2.421805319903663 3.030826197823203 0.02770448377334864 
y 0.7689572649349453 0.7680781066228064 2.931620808446877 4.622269973962332 0.03255693323655385 
y 0.9621582687154164 0.9250434671600718 2.819433126866651 108.0970023585902 0.2476867069833663 
y 0.6663836165475123 0.5645289583556524 1.753962958536044 236.2208730465136 0.3314398093964543 
y 0.2978967224892227 0.2976262435795008 3.153256443934433 3.80562165478156 -0.004558988713043208 
y 0.9492700007727773 0.9490711659365519 3.063401687277805 7.539744548404635 0.001102525279647681 
y 0.3667587405189971 0.3263792588419789 1.502444717036441 65.0819262106628 0.1507592394226902 
y 0.7368310107195796 0.731962155963454 2.965613894552631 40.21634067277344 0.06687170671009007 
y 0.4731195260717552 0.472836163637758 2.827582576705974 6.485463384076912 -0.003944643517535335 
y 1.036997197341795 1.034509073645618 2.84316299766837 16.92482613171856 0.01142552704309419 
y 0.5741235416371528 0.5739527241766735 2.785932290274171 5.223968701478022 0.002516760548434712 
y 0.9658004467615251 0.9638330316543482 2.912328270499609 12.33301025554948 0.0353037743825759 
y 0.5371527692768723 0.5364375868812203 2.798437215387821 0.7417177301831543 -0.008668378190122894 
y 0.5180347561836243 0.4011850357055664 3.835811614990234 21.16515731811523 0.3277355432510376 
y 0.7009596720057923 0.6994092929421124 2.89099216110178 3.344426751032634 0.04116555314983483 
y 0.2693942098984411 0.2656843261591628 4.139832529220357 2.261659293605706 0.03483217713669383 
y 0.5513013529055046 0.5468630528811252 4.008834712433092 8.224639769756433 0.06437848672045 
y 0.9075952768325806 0.9029811024665833 2.749485015869141 17.46422386169434 0.09140162169933319 
y 0.3539004358910217 0.3535008579219892 3.169469449551527 7.854519355308228 0.01446488497663439 
y 0.7976336065187468 0.7966170497825713 3.112634453047759 9.692862716700224 0.02978549416071041 
y 0.4453828860376333 0.428951167979756 2.497492428239737 4.632133824599756 0.1004052973176177 
y 0.6480939984321594 0.6404104828834534 3.026602268218994 41.59404373168945 0.09949999302625656 
y 0.9047058716823694 0.8825309527105769 2.557735104990839 28.91202320373314 0.1635908900116539 
y 0.4491052651063857 0.3954050276176203 1.694230261069434 34.61356947738533 0.1887709807372402 
y 0.6498068241640954 0.6488333126994584 2.971229582527787 3.512888954819216 -0.02436311403927358 
y 0.3694914141937203 0.3677637338090351 4.226884291605303 2.064817295395326 -0.03247225157638779 
y 0.2767653044265701 0.2748064190358931 3.845772379500171 0.3482935707342504 -0.02899806088804063 
y 0.7136787192805812 0.7126859655889962 4.543944264718363 0.497098867903603 -0.03014421771067883 
y 0.3174629734754589 0.3169435037298177 4.171484936666497 1.381798480044263 0.006715433163471639 
y 0.3104123752901903 0.3098224192418372 2.587593491864561 0.7198748592332967 -0.007793763146496878 
y 0.9990143027554003 0.9659840257081593 2.597212326620457 39.29754713225089 0.2378396146662079 
y 0.693414499943285 0.5987909923437614 2.030417729410882 88.70243413945599 0.3013237509089334 
y 0.7186561346054077 0.7174511351755687 3.579485953705651 1.540569758415222 -0.03188385489795889 
y 0.5450627207756042 0.5449799299240112 3.755537509918213 12.04926013946533 -0.00950000062584877 
y 0.7180839425035899 0.7168730375482346 2.790427321485929 3.534817376973517 -0.02297017529907623 
y 0.6104356255354813 0.6021374897889493 3.129927057643565 18.3872982475187 0.06801857812923967 
y 0.758427938916113 0.7567162308679974 2.798713913469818 4.246300657547039 -0.02056628449860474 
y 0.758427938916113 0.7567162308679974 2.798713913469818 4.246300657547039 -0.02056628449860474 
y 0.672512647822388 0.6710283618851953 2.511548866697442 4.856928460959701 0.01356710530060327 
y 0.7604836202316546 0.7593416087046803 3.214903997351479 1.734537672612973 -0.02631303054929204 
y 0.6065962826833129 0.6040615355595946 2.835283172316849 0.2401585816405714 -0.04592516401316971 
y 0.9489253759384155 0.8937935829162598 3.596034288406372 8.786224365234375 0.3187355399131775 
y 0.4309126003222032 0.4306743429465728 4.223865202204748 0.7602653774348173 0.006724995306947015 
y 0.4309126003222032 0.4306743429465728 4.223865202204748 0.7602653774348173 0.006724995306947015 
y 0.3459059891601404 0.3433282300829887 3.590284034113089 3.233598613739014 0.0325001139814655 
y 0.3459059891601404 0.3433282300829887 3.590284034113089 3.233598613739014 0.0325001139814655 
y 0.2882339709113927 0.287907067045527 4.11200498961442 2.745444529534226 -0.006781175334838083 
y 0.5813815515362666 0.5809233284207557 2.564675311897225 3.190646554335333 -0.01081137148656912 
y 0.9268933201652088 0.9244443783812079 1.640563197976919 1.989061914216917 0.06157101834515166 
y 0.2591833742410787 0.2462547800398263 3.573715085420622 1.991332640046014 0.06800856001655134 
y 0.8400633203321339 0.8325746589881317 1.047723548169021 2.379394300597155 -0.0285393733995687 
y 0.513019106146638 0.4930979959742943 3.263089618103295 0.5541908507811057 -0.105300014870299 
y 0.9769593597858661 0.9357431095308736 0.2189415517842805 0.1105847009105 -0.2375484332371657 
y 0.6517237276357556 0.5592990182336116 4.811655254679851 0.06842744165066009 -0.3064185271833066 
y 0.7872180697644593 0.7118465559687585 5.012083052770253 0.01525308135199912 -0.2990304443297113 
y 1.298441290855408 1.298246145248413 5.832985401153564 222.9245452880859 0.02251248620450497 
y 0.8159184848593773 0.7459854911838736 4.753283010047173 7.719565511228534 -0.2758752408080569 
y 0.8159184848593773 0.7459854911838736 4.753283010047173 7.719565511228534 -0.2758752408080569 
n
n
y 0.8504168933589366 0.7730616997501426 4.455503171618539 0.03672473461841577 -0.3166417205579278 
y 0.7493594606067983 0.6571413007717518 0.3712717769776406 0.03155787879773089 -0.2855780409696995 
y 0.70838449593138 0.6419411126364973 3.909664860553132 0.2951886123936419 -0.2579097133055472 
y 0.7076842170920801 0.6901028993619404 0.09754091488402722 0.3832577705732316 -0.08263621818551779 
y 0.7631633143603395 0.6924056169222661 4.494857050668713 0.09143856384789481 -0.2759446083172711 
y 0.6824201548423333 0.6355321772168792 0.2254974149825123 0.164942720327543 -0.2154960088937636 
y 0.6583613779578087 0.5877078115878449 3.916823757261811 0.06850020390074331 -0.2676180286644354 
y 1.128881075101824 1.091393402395353 0.1697823705693327 0.1188856462901114 -0.2553389625785975 
y 0.5073496875353082 0.3495130557990184 6.120787623233777 0.001504816676771326 -0.3431148191122939 
y 0.6888311327246254 0.6019496582429575 4.322314327326343 0.01927611656502094 -0.2915540714308009 
y 0.9490895867347717 0.9357159733772278 0.08482043445110321 0.05459581315517426 -0.15876604616642 
y 0.6524542663246393 0.5712732803076506 4.746991962194443 0.01432103448314592 -0.2720269905403256 
y 0.9437136501073837 0.910693921148777 4.742713590463002 0.03972666547633708 -0.2422476963450511 
y 0.9586292505264282 0.9573237895965576 5.693872451782227 654.1103515625 0.05001248419284821 
y 0.768264053626494 0.7005633539774201 4.294748026132583 0.06786687465553934 -0.2842665908011523 
y 0.8949170708656311 0.8943262696266174 5.377275466918945 923.039306640625 0.03251248225569725 
y 0.6825676868701803 0.639809437609952 4.87722039094259 0.03353484406071747 -0.1921654343605042 
y 0.6825676868701803 0.639809437609952 4.87722039094259 0.03353484406071747 -0.1921654343605042 
y 0.609254661828787 0.5618107432166726 1.473998829383746 50.93866040410198 0.228254121942768 
y 0.7750840239032022 0.7406250756772097 1.954221453896347 16.01715364241472 0.2011159051424945 
y 0.3970597113007518 0.3966741451708057 2.569474800827186 3.443928348494379 0.008011914609645614 
y 0.82151362698786 0.8211935579372116 2.966939655095644 1.088176133451345 -0.006816645870004161 
y 0.6186795100245787 0.6184409348213155 3.649717647703769 0.2911303116251593 0.001588640147415192 
y 1.273429870605469 1.273422122001648 0.1370803117752075 0.2359523177146912 0.00446183979511261 
y 0.9562413967531911 0.9559110590020095 0.2624991723505333 0.7033357625066522 0.01958351000660373 
y 0.6400318017678513 0.6386011696671079 4.368070399194343 1.043073757586089 0.03481768915617411 
y 0.8270234947695452 0.7462277299560168 2.031663527821793 48.13781224980074 0.3094509081805454 
y 0.8270234947695452 0.7462277299560168 2.031663527821793 48.13781224980074 0.3094509081805454 
n
n
y 0.6489312820970581 0.6418652802494662 2.211748158664487 10.76701789654901 0.06588257542845365 
y 0.6762851934357076 0.6658798091496733 3.018003318766421 28.89415221388172 0.09455964136383142 
y 0.6659491630841274 0.6651522205496321 3.053261647305014 2.920479748322039 0.008851024635820364 
y 0.6659491630841274 0.6651522205496321 3.053261647305014 2.920479748322039 0.008851024635820364 
y 0.7089429604155676 0.7081088583384241 3.331596097094007 2.866708534104483 0.02325406597395028 
y 0.7089429604155676 0.7081088583384241 3.331596097094007 2.866708534104483 0.02325406597395028 
n
n
y 0.5042511820793152 0.5018098622560502 5.964666366577148 0.4893972396850586 0.04198140650987625 
y 0.7466760873794556 0.7463059425354004 0.3656587302684784 0.9035486578941345 0.02350758761167526 
y 0.6332729515911618 0.6275042812933519 6.041227313693841 4.733382576575139 0.08304554118363573 
y 0.3272684829579813 0.321527881538761 3.682657944552476 1.796179809028808 0.05255527745420396 
y 0.496645187260583 0.49413539795205 3.339792595244944 3.144930183887482 0.03378133301157504 
y 0.496645187260583 0.49413539795205 3.339792595244944 3.144930183887482 0.03378133301157504 
y 0.7730790078639984 0.7642171293497086 2.074180448055267 2.243729761242867 0.1039789505302906 
y 0.7730790078639984 0.7642171293497086 2.074180448055267 2.243729761242867 0.1039789505302906 
y 0.9374307295370085 0.9210508723312109 0.214002901166321 6.714143882348906 0.1620669334417889 
y 0.478448055650386 0.4576598962639596 1.650873117375215 3.82211060877111 0.1189166533383939 
y 0.5375407134653941 0.5288831508955876 0.5380710845609395 0.2100638377072678 -0.08056132416381932 
y 0.5055125716176052 0.4911805885220646 4.489246582332441 0.4322385344068811 -0.08334454624365188 
y 0.6375078715310287 0.6226542795648781 5.608358456353791 0.05032407121721977 -0.08858339381541502 
y 0.7166694576543262 0.7117769593995481 0.1910237149706202 0.04861155695560013 -0.07482019082333698 
y 0.9148054514118471 0.9125173971656888 6.11112674713086 0.1587075905884529 -0.04060820578374407 
y 0.4399008862031803 0.4311421332074465 3.335226025435706 0.1534718236334543 -0.0357499727361647 
y 0.6818284784399681 0.637771464918485 1.947568160854902 3.434537382690449 0.1868281404053543 
y 0.7468444635574276 0.6593410487215439 1.324192241059538 16.13233440476766 0.3200430652974057 
y 0.6512283229309579 0.6438818969156431 3.781954112280484 0.2543398628578238 -0.06829072798237852 
y 0.6512283229309579 0.6438818969156431 3.781954112280484 0.2543398628578238 -0.06829072798237852 
n
n
y 0.7149974417718009 0.7049304254673757 4.41195847814525 0.254337795654282 -0.09165454859039784 
y 0.7834974110166941 0.7793339219451968 0.2829264944911774 0.2057411201350838 -0.07283087873557825 
y 0.6703820044344121 0.6621805156496438 3.352281145345081 0.268841198391535 -0.07132447262040593 
y 1.47586190700531 1.474682211875916 0.1995311677455902 0.08758912235498428 -0.05899999663233757 
y 0.5115376246094695 0.4885491905069982 0.4254886826517318 0.01470812296291477 -0.0923474394630777 
y 0.3951882364201002 0.3728614021087405 4.847184630172546 0.1464246731311851 -0.05375095675217907 
y 0.8060983940958977 0.7990480673809846 4.997207510052249 0.03584322100505233 -0.07687040138989687 
y 0.8060983940958977 0.7990480673809846 4.997207510052249 0.03584322100505233 -0.07687040138989687 
y 0.9731999685366948 0.9706127929190794 4.305831521594276 0.4274423706034819 0.004426194354891777 
y 0.9731999685366948 0.9706127929190794 4.305831521594276 0.4274423706034819 0.004426194354891777 
y 0.3369093249025552 0.3211918897602869 4.127767860889435 0.3992408684090428 -0.07602778805986694 
y 0.2193491756916046 0.2046290785074234 2.789831399917603 0.1142425686120987 -0.07899999618530273 
y 0.7422791048884392 0.7384870327436007 3.509732767366446 0.167745968613487 0.009161268432552999 
y 1.148280143737793 1.148010015487671 0.284278929233551 0.06354817003011703 0.02490784227848053 
y 0.9834592527750345 0.9631060637085537 1.880720742081767 10.18133228037953 0.1905724146993959 
y 0.5401379923629253 0.488319073074269 2.232086578678552 20.75819524847642 0.2121687701134559 
y 0.4583173324835844 0.4580120635869043 3.280900731487729 1.261017192499696 0.002652220739417364 
y 0.8765716458299653 0.8748638058211708 3.733510071833326 1.450988683704003 -0.01548292492210635 
y 0.5031494330341892 0.492319893022516 2.941955888903675 1.524657655546393 -0.03188369998162326 
y 0.7773066092703441 0.7769554490294003 3.675245175039966 0.1622432461477102 -0.0005817149045478006 
y 0.9619362948948913 0.9606011678561284 3.90405320133298 0.2602712407339455 0.004390610629706563 
y 0.5241686551284322 0.5220234631719302 2.40781767635711 0.9280529463241571 0.03918616748614329 
y 0.6728920046498956 0.608442564103625 2.179876008592113 11.22981998257507 0.2361212757539724 
y 0.9133270830748272 0.8423391239924433 1.801236325172828 52.7204905719729 0.3256457588978933 
y 0.3252771921105992 0.324684062771812 2.880224773697853 0.6987270549843496 -0.009885903171974502 
y 0.8087853712756533 0.8079029743846662 2.852824860100487 0.848036211546433 -0.008417122998357677 
y 0.6931561925062667 0.6838019223588929 2.811045450196893 15.00491092727539 0.1045568563194128 
y 0.7559777084535156 0.7477486036488089 2.687471915560466 4.834011995428909 0.07588917760406048 
y 0.6902976015177626 0.6898253233515732 2.971069025375698 1.087763170214167 -0.002196537948741249 
y 0.891829135096044 0.8795302804524998 2.23501348339327 4.554341334781898 0.008160813584250418 
y 0.3808179251848557 0.3746950370132435 3.011864071301162 1.464015446306461 0.01859884030719829 
y 1.19679130235128 1.195901318008813 2.983223220559974 1.019204837944023 0.0009306211640097543 
y 0.5990393580819516 0.5953228139353431 3.968241915117913 0.1595093411850797 -0.0138783521201729 
y 1.02891416738046 1.028890919400745 0.3152466937365571 0.1722491173330817 0.00120610460480404 
y 0.6610130360975248 0.6589770407253048 4.586424096798829 0.2537139227636799 0.02762556110135764 
y 0.5515181689285781 0.5497492473831058 0.3139695341788536 0.5406449396956916 0.04196690984631019 
y 0.7839569246227092 0.7812740552154455 3.48206435395828 1.266610041091388 0.04618233192542737 
y 0.7839569246227092 0.7812740552154455 3.48206435395828 1.266610041091388 0.04618233192542737 
y 0.4084166821455192 0.4070879814832537 3.580670908949439 1.627714724989367 0.01719837477396194 
y 0.9333333297722264 0.9288790819679346 3.537091300444947 0.5898360503434218 -0.02986133838115028 
y 1.241549227861488 1.236688059808399 0.1980801575677244 0.874421874571772 0.1037001686702091 
y 0.567013908150914 0.5554884739842474 3.969453763573354 0.8473145817760407 0.07237759121861759 
y 0.6930636903522788 0.6574971607156299 2.046998948035007 21.21606900885299 0.1889652093822086 
y 0.6930636903522788 0.6574971607156299 2.046998948035007 21.21606900885299 0.1889652093822086 
y 0.6246331871092856 0.6231261495802853 2.899188984768583 1.426756082689977 -0.02372957695158081 
y 0.5391838550567627 0.5082511305809021 6.274289608001709 88.85243988037109 0.1799999922513962 
y 0.6971299840954988 0.6956096913375318 1.25022951558354 0.3582561417202385 -0.02062328701362217 
y 1.009347400377625 1.00868932799036 5.953963814915841 0.1376793725713964 -0.02394038589660127 
y 0.3511081642346436 0.3497799116810235 0.9602907407945052 0.8763550719324298 0.02894463287913708 
y 0.7578326247507906 0.7566019852055772 2.70061906964251 0.7948948462642683 0.01463179739263165 
y 0.7165981185331979 0.6517794427001794 2.04124423898437 27.54218764403382 0.2606956465280569 
y 0.7156171035957281 0.619586464106733 0.757809973423151 103.2464989335915 0.3579816127292109 
y 0.7089429604155676 0.7081088583384241 3.331596128642559 0.6568956162248338 -0.02325406597395028 
y 0.7089429604155676 0.7081088583384241 3.331596128642559 0.6568956162248338 -0.02325406597395028 
y 0.6878923264416781 0.6797938247295943 2.888271886550567 6.735408067703247 0.07087901805273511 
y 0.5127941966056824 0.5059502124786377 0.5872992277145386 52.49877548217773 0.08349999785423279 
y 0.6964667366399621 0.6923681300446246 2.489802802671645 2.045407953122294 -0.01176411686016314 
y 0.6964667366399621 0.6923681300446246 2.489802802671645 2.045407953122294 -0.01176411686016314 
y 0.7508963115164817 0.7429622216833236 2.598825519422348 1.322197843285906 -0.003291572193905261 
y 1.229563904170867 1.229380375438686 3.30052073709727 2.241682815259902 0.01728654099540313 
y 0.6174363740361655 0.5981047015923721 3.360596776008606 0.4013817556775534 -0.003124813477580364 
y 0.6174363740361655 0.5981047015923721 3.360596776008606 0.4013817556775534 -0.003124813477580364 
y 0.4626880936324597 0.4606740176677704 2.460138545930386 0.336078368127346 -0.0006482567638158798 
y 0.4626880936324597 0.4606740176677704 2.460138545930386 0.336078368127346 -0.0006482567638158798 
y 0.6058768079831051 0.6023167302975289 2.495640594225664 2.64372695523959 0.05553062876256613 
y 0.6058768079831051 0.6023167302975289 2.495640594225664 2.64372695523959 0.05553062876256613 
y 0.6816746937515943 0.6797321994748452 3.501551582194541 1.315399210252192 -0.01026599068680535 
y 0.6816746937515943 0.6797321994748452 3.501551582194541 1.315399210252192 -0.01026599068680535 
y 1.178011011643543 1.174265525592544 0.2665781822508614 0.9537530680093596 0.08871050767720966 
y 0.7043837234185144 0.6964209000968471 3.896911926166731 1.07056019416697 0.07163888389844546 
y 0.6340812656808805 0.5753870094524643 0.8126111370884526 330.7435020794371 0.2164134286848664 
y 0.6069450398086015 0.5658325141948886 1.573188259773252 151.8504559118646 0.1959593492804057 
y 0.5186526378667032 0.5139885691774858 2.120492004260824 10.01682584833454 -0.003543725883827318 
y 0.2681041061878204 0.2670721709728241 4.454521656036377 78.63240051269531 0.0234999991953373 
y 0.5231145200852529 0.522799654124845 2.55431271029791 1.464584877919002 0.009508304370026491 
y 0.6094643417884319 0.584002427318986 3.711470090007143 4.641140174472669 -0.06128362450458322 
y 0.6267332881689072 0.6211045971688102 2.325634555014617 6.841948442161083 0.0244745343704434 
y 0.6267332881689072 0.6211045971688102 2.325634555014617 6.841948442161083 0.0244745343704434 
y 0.7266145026845955 0.6552265919400023 1.163291960233636 180.8410895984123 0.2687345596509403 
y 0.5790108756599787 0.4492046730465634 2.572860850013448 505.2016539331291 0.3595576989552661 
n
n
y 0.4322081604464488 0.4096708190204068 2.583496085622094 75.22059663317421 0.06603154438463124 
y 0.4322081604464488 0.4096708190204068 2.583496085622094 75.22059663317421 0.06603154438463124 
y 0.6717257191962067 0.6686336644429792 2.882670095626344 16.05927566771811 0.01132776240194018 
y 0.6717257191962067 0.6686336644429792 2.882670095626344 16.05927566771811 0.01132776240194018 
y 0.6174363740361655 0.5981047015923721 3.118935810831877 10.76742563110131 0.003124813477580364 
y 0.6174363740361655 0.5981047015923721 3.118935810831877 10.76742563110131 0.003124813477580364 
n
n
n
n
n
n
y 0.1424596680417884 0.1376660776678009 3.383343745989415 20.38317107421379 0.03107092090149427 
y 0.7839914765224608 0.7826486125238955 3.309928336446096 13.22882931698171 0.02610376042935409 
y 0.6795085395375887 0.6671381311284171 3.464557077321741 5.612406531969706 0.1003611952894264 
y 1.156593322753906 1.148088932037354 6.250219821929932 25.92062377929688 0.1400000005960464 
y 0.6141415918245912 0.5845409035682678 1.836838476825505 46.51577430963516 0.1788583490997553 
y 0.8171106576919556 0.797820508480072 2.252347230911255 161.3346710205078 0.176499992609024 
y 0.4756858500771904 0.473515960855271 3.231860217973884 3.216260289446463 -0.03899202010580723 
y 0.3969342741510025 0.3955698414933394 2.156496714133043 8.58869838527834 -0.02308363790268679 
y 0.3099967029966613 0.3083679377193857 2.545896091691883 0.5893665391754019 -0.02978040557567864 
y 0.4331187034844155 0.4284936362231919 5.271399015950598 0.3612904243007625 -0.04245094880734589 
y 0.4309126003222032 0.4306743429465728 2.224669881165028 1.57944579557939 -0.006724995306947015 
y 0.4309126003222032 0.4306743429465728 2.224669881165028 1.57944579557939 -0.006724995306947015 
y 0.669903402819353 0.5927110857823316 1.700753056827713 88.27306500603171 0.2653645820477429 
y 0.669903402819353 0.5927110857823316 1.700753056827713 88.27306500603171 0.2653645820477429 
y 0.5604800939559936 0.5579651683568955 3.109464073181153 1.834286117553711 -0.0464008592069149 
y 0.4655315279960632 0.4655294120311737 2.075299739837646 5.131517887115479 -0.00141032412648201 
y 0.8308596150441604 0.8267590931870721 2.998931375416842 28.07272546941584 0.06554043800993399 
y 0.5337249636650085 0.4942267835140228 1.845503687858582 66.88155364990234 0.2014999985694885 
y 0.6236826587339928 0.621737717554487 3.238135502256196 4.616143423935463 -0.03251499541360756 
y 0.6236826587339928 0.621737717554487 3.238135502256196 4.616143423935463 -0.03251499541360756 
y 0.4626880936324597 0.4606740176677704 3.088457011431456 4.78332554101944 0.0006482567638158798 
y 0.4626880936324597 0.4606740176677704 3.088457011431456 4.78332554101944 0.0006482567638158798 
n
n
n
n
n
n
y 0.8137228071689606 0.8125176906585694 3.056716012954712 4.922651815414429 0.0008393298834562303 
y 0.8137228071689606 0.8125176906585694 3.056716012954712 4.922651815414429 0.0008393298834562303 
y 0.589215287938714 0.5840214062482119 2.421779053285718 1.561573177576065 0.06121128378435969 
y 0.589215287938714 0.5840214062482119 2.421779053285718 1.561573177576065 0.06121128378435969 
y 0.6462228913122615 0.6206766958893741 2.750586493407646 8.608180184525208 0.1275447068106477 
y 0.469915583744233 0.4221311956792648 0.7784570232354884 40.43865156462419 0.2048488091698759 
y 0.7886560732204861 0.7852326988346183 3.013097575581966 0.6839490600760418 -0.07271075837198153 
y 0.46987972045072 0.4652401431006633 4.445108920494736 1.413481917771975 -0.06206756641885414 
y 0.5374236113222246 0.532837468343545 3.847949673179439 0.1664250510987702 -0.06526023245507789 
y 0.9515914179180244 0.949431249273309 5.953825125141265 0.1244848472526296 -0.06378176820470864 
y 0.3459059891601404 0.3433282300829887 3.171404966711998 0.4680916426082452 -0.0325001139814655 
y 0.3459059891601404 0.3433282300829887 3.171404966711998 0.4680916426082452 -0.0325001139814655 
y 0.9443102741241455 0.9125591158866883 2.644476948082447 30.91701511599589 0.2305572891235352 
y 0.9443102741241455 0.9125591158866883 2.644476948082447 30.91701511599589 0.2305572891235352 
y 0.5471672639250755 0.5425227830807368 2.392849504947662 0.3068921267986298 -0.06915844542284806 
y 0.2318349182605743 0.219405323266983 5.147370338439941 1.529555678367615 -0.07489147037267685 
y 0.9731999685366948 0.9706127929190794 3.258633971214294 6.543909932176271 -0.004426194354891777 
y 0.9731999685366948 0.9706127929190794 3.258633971214294 6.543909932176271 -0.004426194354891777 
y 0.7148116615038564 0.7108978677084953 3.500461340181961 1.197302591366951 -0.06632283648933045 
y 0.924471227064001 0.9242897941102249 2.578695651219804 4.739317762798289 -0.005253585371263169 
y 0.6058768079831051 0.6023167302975289 3.703945462520306 1.699823026473706 -0.05553062876256613 
y 0.6058768079831051 0.6023167302975289 3.703945462520306 1.699823026473706 -0.05553062876256613 
n
n
n
n
n
n
y 0.2744550914926963 0.2686736956238747 4.108541163531217 1.231530270793221 -0.04951536316763271 
y 0.2744550914926963 0.2686736956238747 4.108541163531217 1.231530270793221 -0.04951536316763271 
y 0.7451510097002378 0.7451264079491647 5.480756610055897 0.2627643014984403 0.004287880679308589 
y 0.7890620395714271 0.7881913776543986 3.349776046298244 0.6518932169921441 0.01385543017628298 
y 0.6525459837902263 0.6181765043066051 0.9699905619375924 9.88825488138097 0.184936296011276 
y 0.5551556092393045 0.5092805615037553 0.8216779507988957 19.764416994957 0.2143238355609813 
y 0.4652994287175101 0.4642261631182723 2.128453777480015 1.144068679696805 -0.02176064547352694 
y 0.5983721017837524 0.5980703830718994 0.0990322157740593 30 0.01899999938905239 
y 0.607114705722779 0.606617470504716 0.1370556632082298 0.1572384926257655 -0.01848857148434035 
y 0.787451536314828 0.7862165255205972 6.126057979038784 0.9715641445347241 -0.03374840824731758 
y 0.5209384647170445 0.5207551782122659 2.879259598205635 0.2846175016799504 0.001303388674131002 
y 0.4113126892057772 0.410737074991804 1.003974293676401 0.5476734452393346 0.01524989309005784 
y 0.9512415946994014 0.9044506150356775 0.9799671992653258 20.54994546275367 0.2760167422235557 
y 0.5112016775189638 0.4164139664509239 2.268360607667479 27.27555763188943 0.2823308439565071 
y 0.4890853298207124 0.4865343088905016 3.165307600299517 0.4865742623806 -0.03283342185119788 
y 0.6100430488586426 0.6081517338752747 5.957067489624023 0.1256295591592789 -0.04800000041723251 
y 0.3320109853520989 0.3163351059580842 2.239424719087158 8.133173937598864 0.07615163006509343 
y 0.3320109853520989 0.3163351059580842 2.239424719087158 8.133173937598864 0.07615163006509343 
y 0.5992058688211389 0.5966808866805142 2.726787990916881 2.126365385304975 -0.000723940848098947 
y 1.227483090056999 1.224320109975961 0.2807613921791025 11.7138445973031 0.08805530134332737 
y 0.6816746937515943 0.6797321994748452 2.545414713413819 2.407267087179681 0.01026599068680535 
y 0.6816746937515943 0.6797321994748452 2.545414713413819 2.407267087179681 0.01026599068680535 
y 0.6236228169873357 0.6214173482730985 1.7574841696769 0.09359801560640335 -0.02734543988481164 
y 0.6236228169873357 0.6214173482730985 1.7574841696769 0.09359801560640335 -0.02734543988481164 
y 0.8137228071689606 0.8125176906585694 4.313353044167161 0.2388434022665024 -0.0008393298834562303 
y 0.8137228071689606 0.8125176906585694 4.313353044167161 0.2388434022665024 -0.0008393298834562303 
y 0.3599979877471924 0.3379682898521423 1.245213508605957 30 0.1239999979734421 
y 0.2659008018672466 0.2617442362010479 2.195759159326554 1.383472338318825 0.04206689968705177 
n
n
y 0.8469666565457979 0.8405256537099679 2.803328709552686 0.6548795685172081 0.07133491449058056 
y 0.2774178683757782 0.2453373521566391 5.726889133453369 30 0.1295000016689301 
y 0.4954466495612282 0.4748558292429406 1.916403148550346 30.72108804070348 0.1308014123514077 
y 0.7919376422784732 0.7864795769069468 2.738005745816012 15.95253426268801 0.08645699941406747 
y 0.8418370744957923 0.834831439810145 3.185463920887434 1.004931639356423 -0.1057214264692813 
y 0.4415383206171124 0.4299563841129422 2.62600685703644 2.102071888832015 -0.09676728146141861 
y 0.3784086608415583 0.3603912587673017 3.71073839894909 0.287406928679566 -0.09917617410076369 
y 0.7551069443236269 0.7462929118496588 0.1336369718650979 0.27945472722671 -0.1057559826693367 
y 0.634001627874871 0.6270899510321517 3.425172598411639 0.665735469199717 -0.06305726796078184 
y 0.9827996492385864 0.974787712097168 3.644340038299561 0.8314740657806396 -0.1252360939979553 
y 0.7779891671597098 0.7570451188956049 2.873975645737637 33.27326973739092 0.1546100787606043 
y 0.6009024459731477 0.5394747946671813 1.364520234322833 65.43350656022298 0.2243067001712389 
y 0.7730790078639984 0.7642171293497086 3.330817461013794 0.8191776990890504 -0.1039789505302906 
y 0.7730790078639984 0.7642171293497086 3.330817461013794 0.8191776990890504 -0.1039789505302906 
y 0.5048617116753711 0.4992892842085777 2.106180361233524 15.39428254122972 0.01514191721105046 
y 1.081496761223876 1.080288815500277 3.178810320517436 8.044810908388474 -0.04170146529630855 
y 0.7161252985801131 0.703700784209687 3.310674181598987 1.852390051777213 -0.1001368572158886 
y 0.6121751518374248 0.6112845537631489 1.355941238451769 12.61463060378892 0.01501019083819513 
y 1.019875684439208 1.015552350851616 3.250304644516645 1.851559536701344 -0.07523450785297561 
y 0.3605424881478688 0.344536529304429 6.225062712224953 0.5547609174116654 -0.1059019426490311 
y 0.7685095743432383 0.7607310812739576 0.3191025396093174 0.2405497093551612 -0.09483011528216204 
y 0.6581519628154446 0.642793442956338 2.863807443852558 0.1531705803239274 -0.1079873142080354 
y 0.589215287938714 0.5840214062482119 3.207177244126797 0.6683649346232414 -0.06121128378435969 
y 0.589215287938714 0.5840214062482119 3.207177244126797 0.6683649346232414 -0.06121128378435969 
y 0.9048543553383748 0.9031144357350742 3.781899991075898 1.097810284853966 -0.04379740011579713 
y 0.7246520403907126 0.7244320763130659 3.159429153407419 3.721085428897467 0.00222142092760439 
y 0.8222301614360592 0.8102586541478231 2.860818921993246 1.221185813293008 -0.08087164757996691 
y 0.8346851194139357 0.8319187296646732 3.131213002701034 2.284145050929377 -0.06587932293632791 
y 1.344653011365716 1.344581485820487 0.1901054242559655 1.216292448114547 -0.009416384756327624 
y 0.707754997231312 0.7072190419498572 2.47723627806909 1.0692739991479 0.001272483906416385 
